0.0542144 5 3 1 
0.0542145 7 4 2 
0.0542146 13 2 2 
0.0542147 24 7 3 
0.0542148 25 8 7 
0.0542149 27 7 4 
0.054215 30 8 9 
0.0542151 31 5 4 
0.0542151 33 8 10 
0.0542152 37 8 11 
0.0542153 38 5 5 
0.0542154 48 2 9 
0.0542155 59 7 7 
0.0592144 1 8 1 
0.0592145 9 5 2 
0.0592146 10 7 2 
0.0592147 15 8 3 
0.0592148 16 5 3 
0.0592149 19 8 4 
0.059215 20 8 5 
0.059215 26 2 3 
0.0592151 36 2 5 
0.0592152 42 2 6 
0.0592153 43 6 2 
0.0592154 44 2 7 
0.0592155 49 2 10 
0.0592156 51 2 12 
0.0592157 58 6 5 
0.0592157 63 4 6 
0.0652144 2 4 1 
0.0652145 6 2 1 
0.0652146 8 4 3 
0.0652147 14 8 2 
0.0652148 17 3 2 
0.0652149 18 3 3 
0.065215 41 7 6 
0.065215 46 5 6 
0.0652151 47 3 7 
0.0652152 50 2 11 
0.0652153 52 2 13 
0.0652154 53 2 14 
0.0652155 54 5 7 
0.0652156 55 6 3 
0.0652157 57 6 4 
0.0652157 60 3 8 
0.0712144 3 7 1 
0.0712145 4 5 1 
0.0712146 11 6 1 
0.0712147 21 8 6 
0.0712148 22 3 4 
0.0712149 23 3 5 
0.071215 28 2 4 
0.0712151 29 8 8 
0.0712151 32 4 4 
0.0712152 34 4 5 
0.0712153 35 3 6 
0.0712154 39 7 5 
0.0712155 40 8 12 
0.0712156 45 2 8 
0.0712157 56 2 15 
0.0712157 62 7 8 
0.0772144 12 6 6 
0.0772145 61 6 7 
0.2359 38 6 8 
0.2361 35 2 16 
0.236518 38 6 8 
0.236768 35 2 16 
0.2473 52 8 13 
0.248018 52 8 13 
0.3577 39 2 17 
0.358268 39 2 17 
0.3753 1 7 9 
0.376018 1 7 9 
0.3801 40 2 18 
0.380768 40 2 18 
0.4129 54 4 7 
0.413518 54 4 7 
0.4467 47 8 14 
0.447268 47 8 14 
0.4793 46 2 19 
0.480018 46 2 19 
0.4969 29 2 20 
0.497518 29 2 20 
0.5027 35 3 9 
0.503268 35 3 9 
0.503268 35 3 9 
0.5277 20 2 21 
0.528268 20 2 21 
0.5427 53 3 10 
0.543268 53 3 10 
0.5497 38 5 8 
0.550268 38 5 8 
0.550268 38 5 8 
0.5613 4 2 22 
0.562018 4 2 22 
0.7799 18 8 15 
0.780518 18 8 15 
0.8169 8 3 11 
0.817518 8 3 11 
0.8379 7 2 23 
0.838518 7 2 23 
0.8441 1 4 8 
0.844768 1 4 8 
0.844768 1 4 8 
0.8569 23 4 9 
0.857518 23 4 9 
0.9113 15 7 10 
0.912018 15 7 10 
0.9207 46 5 9 
0.921268 46 5 9 
0.921268 46 5 9 
0.9333 17 4 10 
0.934018 17 4 10 
0.9577 2 2 24 
0.958268 2 2 24 
0.9643 47 3 12 
0.965018 47 3 12 
0.965018 47 3 12 
1.0073 39 7 11 
1.00802 39 7 11 
1.00802 39 7 11 
1.0155 1 8 16 
1.01627 1 8 16 
1.01627 1 8 16 
1.01627 1 8 16 
1.0237 60 8 17 
1.02427 60 8 17 
1.1227 52 2 25 
1.12327 52 2 25 
1.12327 52 2 25 
1.1417 23 3 13 
1.14227 23 3 13 
1.14227 23 3 13 
1.1577 26 8 18 
1.15827 26 8 18 
1.1753 8 2 26 
1.17602 8 2 26 
1.17602 8 2 26 
1.1833 2 4 11 
1.18402 2 4 11 
1.18402 2 4 11 
1.2009 51 8 19 
1.20152 51 8 19 
1.2029 37 4 12 
1.20352 37 4 12 
1.2069 49 8 20 
1.20752 49 8 20 
1.2371 29 8 21 
1.23777 29 8 21 
1.23777 29 8 21 
1.3673 39 2 27 
1.36802 39 2 27 
1.36802 39 2 27 
1.36802 39 2 27 
1.3721 23 4 13 
1.37277 23 4 13 
1.37277 23 4 13 
1.37277 23 4 13 
1.4447 17 3 14 
1.44527 17 3 14 
1.44527 17 3 14 
1.4569 26 2 28 
1.45752 26 2 28 
1.45752 26 2 28 
1.4601 60 3 15 
1.46077 60 3 15 
1.46077 60 3 15 
1.4649 15 8 22 
1.46552 15 8 22 
1.46552 15 8 22 
1.4711 50 8 23 
1.47177 50 8 23 
1.6185 20 3 16 
1.61927 20 3 16 
1.61927 20 3 16 
1.6245 8 4 14 
1.62527 8 4 14 
1.62527 8 4 14 
1.62527 8 4 14 
1.6359 15 7 12 
1.63652 15 7 12 
1.63652 15 7 12 
1.63652 15 7 12 
1.6569 49 2 29 
1.65752 49 2 29 
1.65752 49 2 29 
1.6649 26 8 24 
1.66552 26 8 24 
1.66552 26 8 24 
1.66552 26 8 24 
1.6921 33 7 13 
1.69277 33 7 13 
1.7913 37 8 25 
1.79202 37 8 25 
1.79202 37 8 25 
1.8459 33 8 26 
1.84652 33 8 26 
1.84652 33 8 26 
1.9117 46 2 30 
1.91227 46 2 30 
1.91227 46 2 30 
1.91227 46 2 30 
2.0089 54 6 9 
2.00952 54 6 9 
2.00952 54 6 9 
2.0369 60 8 27 
2.03752 60 8 27 
2.03752 60 8 27 
2.03752 60 8 27 
2.2545 21 7 14 
2.25527 21 7 14 
2.2585 58 2 31 
2.2585 60 3 17 
2.25927 60 3 17 
2.25927 60 3 17 
2.25927 60 3 17 
2.25927 60 3 17 
2.25927 58 2 31 
2.3453 33 7 15 
2.34602 33 7 15 
2.34602 33 7 15 
2.34602 33 7 15 
2.4093 2 3 18 
2.41002 2 3 18 
2.41002 2 3 18 
2.41002 2 3 18 
2.4295 56 8 28 
2.43027 56 8 28 
2.5207 15 8 29 
2.52127 15 8 29 
2.52127 15 8 29 
2.52127 15 8 29 
2.52127 15 8 29 
2.5417 49 8 30 
2.54227 49 8 30 
2.54227 49 8 30 
2.54227 49 8 30 
2.6585 25 2 32 
2.65927 25 2 32 
2.6667 29 2 33 
2.66727 29 2 33 
2.66727 29 2 33 
2.66727 29 2 33 
2.6761 58 6 10 
2.67677 58 6 10 
2.67677 58 6 10 
2.6809 56 3 19 
2.68152 56 3 19 
2.68152 56 3 19 
2.7187 31 4 15 
2.71927 31 4 15 
2.7705 52 8 31 
2.77127 52 8 31 
2.77127 52 8 31 
2.77127 52 8 31 
2.7741 2 2 34 
2.77477 2 2 34 
2.77477 2 2 34 
2.77477 2 2 34 
2.77477 2 2 34 
2.7779 37 2 35 
2.77852 37 2 35 
2.77852 37 2 35 
2.77852 37 2 35 
2.8169 36 7 16 
2.81752 36 7 16 
2.8405 33 8 32 
2.84127 33 8 32 
2.84127 33 8 32 
2.84127 33 8 32 
2.84127 33 8 32 
2.8483 23 2 36 
2.84902 23 2 36 
2.84902 23 2 36 
2.84902 23 2 36 
2.84902 23 2 36 
2.8585 21 8 33 
2.85927 21 8 33 
2.85927 21 8 33 
2.9043 54 4 16 
2.90502 54 4 16 
2.90502 54 4 16 
2.90502 54 4 16 
2.9503 49 7 17 
2.95102 49 7 17 
2.95102 49 7 17 
2.95102 49 7 17 
2.95102 49 7 17 
3.0365 4 5 10 
3.03727 4 5 10 
3.03727 4 5 10 
3.0531 46 5 11 
3.05377 46 5 11 
3.05377 46 5 11 
3.05377 46 5 11 
3.05377 46 5 11 
3.0553 63 5 12 
3.05602 63 5 12 
3.1085 15 7 18 
3.10927 15 7 18 
3.10927 15 7 18 
3.10927 15 7 18 
3.10927 15 7 18 
3.10927 15 7 18 
3.1419 36 2 37 
3.14252 36 2 37 
3.14252 36 2 37 
3.1593 48 6 11 
3.16002 48 6 11 
3.2073 20 2 38 
3.20802 20 2 38 
3.20802 20 2 38 
3.20802 20 2 38 
3.2425 40 4 17 
3.24327 40 4 17 
3.24327 40 4 17 
3.2489 17 4 18 
3.2495 50 2 39 
3.24952 17 4 18 
3.24952 17 4 18 
3.24952 17 4 18 
3.25027 50 2 39 
3.25027 50 2 39 
3.2617 32 5 13 
3.26227 32 5 13 
3.3609 54 6 12 
3.36152 54 6 12 
3.36152 54 6 12 
3.36152 54 6 12 
3.36152 54 6 12 
3.4025 48 2 40 
3.40327 48 2 40 
3.40327 48 2 40 
3.4377 22 4 19 
3.43827 22 4 19 
3.4457 10 8 34 
3.44627 10 8 34 
3.4553 3 6 13 
3.45602 3 6 13 
3.4713 52 2 41 
3.47202 52 2 41 
3.47202 52 2 41 
3.47202 52 2 41 
3.47202 52 2 41 
3.5097 60 8 35 
3.51027 60 8 35 
3.51027 60 8 35 
3.51027 60 8 35 
3.51027 60 8 35 
3.51027 60 8 35 
3.5289 46 2 42 
3.52952 46 2 42 
3.52952 46 2 42 
3.52952 46 2 42 
3.52952 46 2 42 
3.52952 46 2 42 
3.5865 21 3 20 
3.58727 21 3 20 
3.58727 21 3 20 
3.58727 21 3 20 
3.6175 56 8 36 
3.61827 56 8 36 
3.61827 56 8 36 
3.61827 56 8 36 
3.6217 23 4 20 
3.62227 23 4 20 
3.62227 23 4 20 
3.62227 23 4 20 
3.62227 23 4 20 
3.62227 23 4 20 
3.7003 29 8 37 
3.70102 29 8 37 
3.70102 29 8 37 
3.70102 29 8 37 
3.70102 29 8 37 
3.7335 22 3 21 
3.73427 22 3 21 
3.73427 22 3 21 
3.7593 20 3 22 
3.76002 20 3 22 
3.76002 20 3 22 
3.76002 20 3 22 
3.76002 20 3 22 
3.8077 10 7 19 
3.80827 10 7 19 
3.80827 10 7 19 
3.8589 60 3 23 
3.85952 60 3 23 
3.85952 60 3 23 
3.85952 60 3 23 
3.85952 60 3 23 
3.85952 60 3 23 
3.85952 60 3 23 
3.9193 49 8 38 
3.92002 49 8 38 
3.92002 49 8 38 
3.92002 49 8 38 
3.92002 49 8 38 
3.92002 49 8 38 
4.0185 31 6 14 
4.01927 31 6 14 
4.01927 31 6 14 
4.0377 18 2 43 
4.03827 18 2 43 
4.03827 18 2 43 
4.1101 4 2 44 
4.11077 4 2 44 
4.11077 4 2 44 
4.11077 4 2 44 
4.2217 40 2 45 
4.22227 40 2 45 
4.22227 40 2 45 
4.22227 40 2 45 
4.2861 54 5 14 
4.28677 54 5 14 
4.28677 54 5 14 
4.28677 54 5 14 
4.28677 54 5 14 
4.28677 54 5 14 
4.3113 63 4 21 
4.31202 63 4 21 
4.31202 63 4 21 
4.3539 31 4 22 
4.35452 31 4 22 
4.35452 31 4 22 
4.35452 31 4 22 
4.3563 18 3 24 
4.35702 18 3 24 
4.35702 18 3 24 
4.35702 18 3 24 
4.3731 40 4 23 
4.37377 40 4 23 
4.37377 40 4 23 
4.37377 40 4 23 
4.37377 40 4 23 
4.4137 33 7 20 
4.41427 33 7 20 
4.41427 33 7 20 
4.41427 33 7 20 
4.41427 33 7 20 
4.41427 33 7 20 
4.4145 38 6 15 
4.41527 38 6 15 
4.41527 38 6 15 
4.41527 38 6 15 
4.4361 15 8 39 
4.43677 15 8 39 
4.43677 15 8 39 
4.43677 15 8 39 
4.43677 15 8 39 
4.43677 15 8 39 
4.43677 15 8 39 
4.4847 61 2 46 
4.48527 61 2 46 
4.4923 21 8 40 
4.49302 21 8 40 
4.49302 21 8 40 
4.49302 21 8 40 
4.49302 21 8 40 
4.5339 1 7 21 
4.53452 1 7 21 
4.53452 1 7 21 
4.53452 1 7 21 
4.53452 1 7 21 
4.5353 23 2 47 
4.53602 23 2 47 
4.53602 23 2 47 
4.53602 23 2 47 
4.53602 23 2 47 
4.53602 23 2 47 
4.53602 23 2 47 
4.5401 58 7 22 
4.54077 58 7 22 
4.54077 58 7 22 
4.54077 58 7 22 
4.6873 10 2 48 
4.68802 10 2 48 
4.68802 10 2 48 
4.68802 10 2 48 
4.7085 60 6 16 
4.70927 60 6 16 
4.70927 60 6 16 
4.70927 60 6 16 
4.70927 60 6 16 
4.70927 60 6 16 
4.70927 60 6 16 
4.70927 60 6 16 
4.8649 63 5 15 
4.86552 63 5 15 
4.86552 63 5 15 
4.86552 63 5 15 
4.9181 37 8 41 
4.91877 37 8 41 
4.91877 37 8 41 
4.91877 37 8 41 
4.91877 37 8 41 
4.9791 61 6 17 
4.97977 61 6 17 
4.97977 61 6 17 
5.0665 63 4 24 
5.06727 63 4 24 
5.06727 63 4 24 
5.06727 63 4 24 
5.06727 63 4 24 
5.1029 31 5 16 
5.10352 31 5 16 
5.10352 31 5 16 
5.10352 31 5 16 
5.10352 31 5 16 
5.1129 33 8 42 
5.11352 33 8 42 
5.11352 33 8 42 
5.11352 33 8 42 
5.11352 33 8 42 
5.11352 33 8 42 
5.11352 33 8 42 
5.1385 18 8 43 
5.13927 18 8 43 
5.13927 18 8 43 
5.13927 18 8 43 
5.13927 18 8 43 
5.2217 45 5 17 
5.22227 45 5 17 
5.2509 53 4 25 
5.25152 53 4 25 
5.25152 53 4 25 
5.2825 17 3 25 
5.28327 17 3 25 
5.28327 17 3 25 
5.28327 17 3 25 
5.28327 17 3 25 
5.3017 1 3 26 
5.30227 1 3 26 
5.30227 1 3 26 
5.30227 1 3 26 
5.30227 1 3 26 
5.30227 1 3 26 
5.3359 49 7 23 
5.33652 49 7 23 
5.33652 49 7 23 
5.33652 49 7 23 
5.33652 49 7 23 
5.33652 49 7 23 
5.33652 49 7 23 
5.5045 1 7 24 
5.5049 31 6 18 
5.50527 1 7 24 
5.50527 1 7 24 
5.50527 1 7 24 
5.50527 1 7 24 
5.50527 1 7 24 
5.50527 1 7 24 
5.50552 31 6 18 
5.50552 31 6 18 
5.50552 31 6 18 
5.50552 31 6 18 
5.50552 31 6 18 
5.5329 59 2 49 
5.53352 59 2 49 
5.5373 10 6 19 
5.53802 10 6 19 
5.53802 10 6 19 
5.53802 10 6 19 
5.53802 10 6 19 
5.6531 28 3 27 
5.65377 28 3 27 
5.7001 47 8 44 
5.70077 47 8 44 
5.70077 47 8 44 
5.70077 47 8 44 
5.7529 22 8 45 
5.75352 22 8 45 
5.75352 22 8 45 
5.75352 22 8 45 
5.8105 58 6 20 
5.81127 58 6 20 
5.81127 58 6 20 
5.81127 58 6 20 
5.81127 58 6 20 
5.8169 38 5 18 
5.81752 38 5 18 
5.81752 38 5 18 
5.81752 38 5 18 
5.81752 38 5 18 
5.8601 10 2 50 
5.86077 10 2 50 
5.86077 10 2 50 
5.86077 10 2 50 
5.86077 10 2 50 
5.86077 10 2 50 
5.8969 3 7 25 
5.89752 3 7 25 
5.89752 3 7 25 
5.9101 46 5 19 
5.91077 46 5 19 
5.91077 46 5 19 
5.91077 46 5 19 
5.91077 46 5 19 
5.91077 46 5 19 
5.91077 46 5 19 
5.9109 27 2 51 
5.91152 27 2 51 
5.9143 31 8 46 
5.91502 31 8 46 
5.91502 31 8 46 
5.91502 31 8 46 
5.91502 31 8 46 
5.91502 31 8 46 
5.91502 31 8 46 
5.9453 14 6 21 
5.94602 14 6 21 
5.9589 1 5 20 
5.9593 22 3 28 
5.9593 23 8 47 
5.95952 1 5 20 
5.95952 1 5 20 
5.95952 1 5 20 
5.95952 1 5 20 
5.95952 1 5 20 
5.95952 1 5 20 
5.95952 1 5 20 
5.96002 22 3 28 
5.96002 22 3 28 
5.96002 22 3 28 
5.96002 22 3 28 
5.96002 23 8 47 
5.96002 23 8 47 
5.96002 23 8 47 
5.96002 23 8 47 
5.96002 23 8 47 
5.96002 23 8 47 
5.96002 23 8 47 
6.0265 30 3 29 
6.02727 30 3 29 
6.0299 25 4 26 
6.03052 25 4 26 
6.03052 25 4 26 
6.0461 32 2 52 
6.04677 32 2 52 
6.04677 32 2 52 
6.1543 23 2 53 
6.15502 23 2 53 
6.15502 23 2 53 
6.15502 23 2 53 
6.15502 23 2 53 
6.15502 23 2 53 
6.15502 23 2 53 
6.15502 23 2 53 
6.15502 23 2 53 
6.2431 22 8 48 
6.24377 22 8 48 
6.24377 22 8 48 
6.24377 22 8 48 
6.24377 22 8 48 
6.24377 22 8 48 
6.2457 32 4 27 
6.24627 32 4 27 
6.24627 32 4 27 
6.24627 32 4 27 
6.2759 59 7 26 
6.27652 59 7 26 
6.27652 59 7 26 
6.2921 3 6 22 
6.2923 28 2 54 
6.29277 3 6 22 
6.29277 3 6 22 
6.29277 3 6 22 
6.29302 28 2 54 
6.29302 28 2 54 
6.3657 11 7 27 
6.36627 11 7 27 
6.4093 7 6 23 
6.41002 7 6 23 
6.41002 7 6 23 
6.4921 22 3 30 
6.49277 22 3 30 
6.49277 22 3 30 
6.49277 22 3 30 
6.49277 22 3 30 
6.49277 22 3 30 
6.49277 22 3 30 
6.5625 37 6 24 
6.56327 37 6 24 
6.56327 37 6 24 
6.56327 37 6 24 
6.56327 37 6 24 
6.56327 37 6 24 
6.5853 10 7 28 
6.58602 10 7 28 
6.58602 10 7 28 
6.58602 10 7 28 
6.58602 10 7 28 
6.58602 10 7 28 
6.58602 10 7 28 
6.6121 45 2 55 
6.61277 45 2 55 
6.61277 45 2 55 
6.6989 10 2 56 
6.69952 10 2 56 
6.69952 10 2 56 
6.69952 10 2 56 
6.69952 10 2 56 
6.69952 10 2 56 
6.69952 10 2 56 
6.69952 10 2 56 
6.7043 37 3 31 
6.70502 37 3 31 
6.70502 37 3 31 
6.70502 37 3 31 
6.70502 37 3 31 
6.70502 37 3 31 
6.70502 37 3 31 
6.7385 31 6 25 
6.73927 31 6 25 
6.73927 31 6 25 
6.73927 31 6 25 
6.73927 31 6 25 
6.73927 31 6 25 
6.73927 31 6 25 
6.73927 31 6 25 
6.7599 4 6 26 
6.76052 4 6 26 
6.76052 4 6 26 
6.76052 4 6 26 
6.76052 4 6 26 
6.8517 25 2 57 
6.85227 25 2 57 
6.85227 25 2 57 
6.85227 25 2 57 
6.8623 10 7 29 
6.86302 10 7 29 
6.86302 10 7 29 
6.86302 10 7 29 
6.86302 10 7 29 
6.86302 10 7 29 
6.86302 10 7 29 
6.86302 10 7 29 
6.86302 10 7 29 
6.8937 58 5 21 
6.89427 58 5 21 
6.89427 58 5 21 
6.89427 58 5 21 
6.89427 58 5 21 
6.89427 58 5 21 
6.9449 50 3 32 
6.94552 50 3 32 
6.94552 50 3 32 
6.94552 50 3 32 
6.9625 34 5 22 
6.96327 34 5 22 
6.9721 48 3 33 
6.97277 48 3 33 
6.97277 48 3 33 
6.97277 48 3 33 
7.0041 7 4 28 
7.00477 7 4 28 
7.00477 7 4 28 
7.00477 7 4 28 
7.0401 34 4 29 
7.04077 34 4 29 
7.04077 34 4 29 
7.0617 10 2 58 
7.06227 10 2 58 
7.06227 10 2 58 
7.06227 10 2 58 
7.06227 10 2 58 
7.06227 10 2 58 
7.06227 10 2 58 
7.06227 10 2 58 
7.06227 10 2 58 
7.06227 10 2 58 
7.0825 44 8 49 
7.08327 44 8 49 
7.1097 11 6 27 
7.11027 11 6 27 
7.11027 11 6 27 
7.1441 60 2 59 
7.14477 60 2 59 
7.14477 60 2 59 
7.14477 60 2 59 
7.14477 60 2 59 
7.14477 60 2 59 
7.14477 60 2 59 
7.14477 60 2 59 
7.14477 60 2 59 
7.1621 53 3 34 
7.16277 53 3 34 
7.16277 53 3 34 
7.16277 53 3 34 
7.2601 4 2 60 
7.26077 4 2 60 
7.26077 4 2 60 
7.26077 4 2 60 
7.26077 4 2 60 
7.26077 4 2 60 
7.3001 25 7 30 
7.3001 40 5 23 
7.30077 25 7 30 
7.30077 25 7 30 
7.30077 25 7 30 
7.30077 25 7 30 
7.30077 40 5 23 
7.30077 40 5 23 
7.30077 40 5 23 
7.30077 40 5 23 
7.30077 40 5 23 
7.3065 36 3 35 
7.30727 36 3 35 
7.30727 36 3 35 
7.30727 36 3 35 
7.3111 54 4 30 
7.31177 54 4 30 
7.31177 54 4 30 
7.31177 54 4 30 
7.31177 54 4 30 
7.31177 54 4 30 
7.31177 54 4 30 
7.4265 32 5 24 
7.42727 32 5 24 
7.42727 32 5 24 
7.42727 32 5 24 
7.42727 32 5 24 
7.4335 47 3 36 
7.43427 47 3 36 
7.43427 47 3 36 
7.43427 47 3 36 
7.43427 47 3 36 
7.4561 31 8 50 
7.45677 31 8 50 
7.45677 31 8 50 
7.45677 31 8 50 
7.45677 31 8 50 
7.45677 31 8 50 
7.45677 31 8 50 
7.45677 31 8 50 
7.45677 31 8 50 
7.4633 8 5 25 
7.46402 8 5 25 
7.46402 8 5 25 
7.46402 8 5 25 
7.46402 8 5 25 
7.4649 50 8 51 
7.46552 50 8 51 
7.46552 50 8 51 
7.46552 50 8 51 
7.46552 50 8 51 
7.5101 60 8 52 
7.51077 60 8 52 
7.51077 60 8 52 
7.51077 60 8 52 
7.51077 60 8 52 
7.51077 60 8 52 
7.51077 60 8 52 
7.51077 60 8 52 
7.51077 60 8 52 
7.51077 60 8 52 
7.5409 53 4 31 
7.54152 53 4 31 
7.54152 53 4 31 
7.54152 53 4 31 
7.54152 53 4 31 
7.5519 37 8 53 
7.55252 37 8 53 
7.55252 37 8 53 
7.55252 37 8 53 
7.55252 37 8 53 
7.55252 37 8 53 
7.55252 37 8 53 
7.55252 37 8 53 
7.5531 54 2 61 
7.55377 54 2 61 
7.55377 54 2 61 
7.55377 54 2 61 
7.55377 54 2 61 
7.55377 54 2 61 
7.55377 54 2 61 
7.55377 54 2 61 
7.5931 50 2 62 
7.59377 50 2 62 
7.59377 50 2 62 
7.59377 50 2 62 
7.59377 50 2 62 
7.59377 50 2 62 
7.6307 1 8 54 
7.63127 1 8 54 
7.63127 1 8 54 
7.63127 1 8 54 
7.63127 1 8 54 
7.63127 1 8 54 
7.63127 1 8 54 
7.63127 1 8 54 
7.63127 1 8 54 
7.6343 25 8 55 
7.63502 25 8 55 
7.63502 25 8 55 
7.63502 25 8 55 
7.63502 25 8 55 
7.63502 25 8 55 
7.6583 47 2 63 
7.65902 47 2 63 
7.65902 47 2 63 
7.65902 47 2 63 
7.65902 47 2 63 
7.65902 47 2 63 
7.6729 14 2 64 
7.67352 14 2 64 
7.67352 14 2 64 
7.7017 31 6 28 
7.70227 31 6 28 
7.70227 31 6 28 
7.70227 31 6 28 
7.70227 31 6 28 
7.70227 31 6 28 
7.70227 31 6 28 
7.70227 31 6 28 
7.70227 31 6 28 
7.70227 31 6 28 
7.7033 36 5 26 
7.70402 36 5 26 
7.70402 36 5 26 
7.70402 36 5 26 
7.70402 36 5 26 
7.7229 50 8 56 
7.72352 50 8 56 
7.72352 50 8 56 
7.72352 50 8 56 
7.72352 50 8 56 
7.72352 50 8 56 
7.72352 50 8 56 
7.7259 23 3 37 
7.72652 23 3 37 
7.72652 23 3 37 
7.72652 23 3 37 
7.72652 23 3 37 
7.72652 23 3 37 
7.72652 23 3 37 
7.72652 23 3 37 
7.72652 23 3 37 
7.72652 23 3 37 
7.7481 48 2 65 
7.74877 48 2 65 
7.74877 48 2 65 
7.74877 48 2 65 
7.74877 48 2 65 
7.7609 58 6 29 
7.76152 58 6 29 
7.76152 58 6 29 
7.76152 58 6 29 
7.76152 58 6 29 
7.76152 58 6 29 
7.76152 58 6 29 
7.7623 8 4 32 
7.76302 8 4 32 
7.76302 8 4 32 
7.76302 8 4 32 
7.76302 8 4 32 
7.76302 8 4 32 
7.7865 1 7 31 
7.78727 1 7 31 
7.78727 1 7 31 
7.78727 1 7 31 
7.78727 1 7 31 
7.78727 1 7 31 
7.78727 1 7 31 
7.78727 1 7 31 
7.78727 1 7 31 
7.78727 1 7 31 
7.8501 32 2 66 
7.85077 32 2 66 
7.85077 32 2 66 
7.85077 32 2 66 
7.85077 32 2 66 
7.85077 32 2 66 
