timestamp,ueImsiComplete,numActiveUes,RRC.ConnMean,DRB.EstabSucc.5QI.UEID (numDrb),DRB.RelActNbr.5QI.UEID (0),L3 serving Id(m_cellId),UE (imsi),L3 serving SINR,L3 serving SINR 3gpp,L3 neigh Id 1 (cellId),L3 neigh SINR 1,L3 neigh SINR 3gpp 1 (convertedSinr),L3 neigh Id 2 (cellId),L3 neigh SINR 2,L3 neigh SINR 3gpp 2 (convertedSinr),L3 neigh Id 3 (cellId),L3 neigh SINR 3,L3 neigh SINR 3gpp 3 (convertedSinr),L3 neigh Id 4 (cellId),L3 neigh SINR 4,L3 neigh SINR 3gpp 4 (convertedSinr),L3 neigh Id 5 (cellId),L3 neigh SINR 5,L3 neigh SINR 3gpp 5 (convertedSinr),L3 neigh Id 6 (cellId),L3 neigh SINR 6,L3 neigh SINR 3gpp 6 (convertedSinr),L3 neigh Id 7 (cellId),L3 neigh SINR 7,L3 neigh SINR 3gpp 7 (convertedSinr),L3 neigh Id 8 (cellId),L3 neigh SINR 8,L3 neigh SINR 3gpp 8 (convertedSinr)
1761058001385,00002,6,3,0,0,4,2,14.255461,75.000000,2,11.440175,69.000000,5,-2.923306,40.000000,7,-4.746782,37.000000,3,-4.822784,37.000000,8,-8.849570,29.000000,6,-15.051285,16.000000,,,,,,
1761058001385,00007,6,3,0,0,4,7,8.581477,64.000000,3,2.166198,51.000000,2,1.425785,49.000000,8,0.953265,48.000000,5,-1.807106,43.000000,7,-10.145523,26.000000,6,-13.733072,19.000000,,,,,,
1761058001385,00008,6,3,0,0,4,8,11.472693,69.000000,2,6.447093,59.000000,3,3.410856,53.000000,8,-0.362846,46.000000,5,-1.699565,43.000000,7,-3.223293,40.000000,6,-22.530988,1.000000,,,,,,
1761058001385,00032,6,3,0,0,4,32,24.387664,96.000000,2,7.347580,61.000000,6,6.148102,59.000000,8,0.154610,47.000000,5,-0.455181,45.000000,3,-5.602856,35.000000,7,-11.263795,24.000000,,,,,,
1761058001385,00034,6,3,0,0,4,34,27.366380,102.000000,7,7.503511,61.000000,5,5.522133,57.000000,3,-5.604835,35.000000,2,-9.164513,28.000000,8,-12.301049,22.000000,6,-12.301875,22.000000,,,,,,
1761058001385,00063,6,3,0,0,4,63,18.790618,84.000000,2,12.361830,71.000000,3,10.215562,67.000000,5,5.753220,58.000000,6,-3.256027,40.000000,8,-12.606584,21.000000,7,-13.904522,18.000000,,,,,,
1761058001485,00002,6,6,0,0,4,2,14.948821,77.000000,2,12.069627,71.000000,5,-0.437088,45.000000,7,-1.127367,44.000000,8,-5.301427,36.000000,3,-6.173166,34.000000,6,-14.914224,16.000000,,,,,,
1761058001485,00007,6,6,0,0,4,7,7.805299,62.000000,3,0.610551,48.000000,8,0.365911,47.000000,2,-0.711258,45.000000,5,-0.781690,45.000000,6,-14.053820,18.000000,7,-15.473933,15.000000,,,,,,
1761058001485,00008,6,6,0,0,4,8,12.661980,72.000000,3,6.353948,59.000000,2,6.157137,59.000000,5,2.642315,52.000000,8,2.380863,51.000000,7,-7.447488,31.000000,6,-21.155989,4.000000,,,,,,
1761058001485,00032,6,6,0,0,4,32,24.327696,95.000000,2,10.434121,67.000000,8,5.100315,57.000000,6,3.549440,54.000000,5,-0.665371,45.000000,3,-4.883047,37.000000,7,-8.131033,30.000000,,,,,,
1761058001485,00034,6,6,0,0,4,34,26.017611,99.000000,7,9.802902,66.000000,5,5.796655,58.000000,3,-7.369621,32.000000,8,-11.789424,23.000000,2,-11.930640,22.000000,6,-12.854010,20.000000,,,,,,
1761058001485,00063,6,6,0,0,4,63,16.590888,80.000000,2,10.526300,68.000000,5,7.309114,61.000000,3,6.348883,59.000000,6,-4.277965,38.000000,8,-12.179102,22.000000,7,-14.115860,18.000000,,,,,,
1761058001585,00002,6,6,0,0,4,2,20.944019,89.000000,2,9.651948,66.000000,5,-1.070256,44.000000,3,-2.123463,42.000000,7,-4.613617,37.000000,8,-7.861202,31.000000,6,-15.095773,16.000000,,,,,,
1761058001585,00007,6,6,0,0,4,7,11.087257,69.000000,2,3.349216,53.000000,5,1.478369,49.000000,8,1.390437,49.000000,3,0.322686,47.000000,7,-12.918168,20.000000,6,-13.567627,19.000000,,,,,,
1761058001585,00008,6,6,0,0,4,8,12.658723,72.000000,8,4.799756,56.000000,3,4.564781,56.000000,2,3.567141,54.000000,6,-0.327260,46.000000,5,-0.873559,45.000000,7,-9.041672,28.000000,,,,,,
1761058001585,00032,6,6,0,0,4,32,20.272084,87.000000,6,6.307581,59.000000,2,5.753627,58.000000,8,1.867569,50.000000,5,-3.005582,40.000000,3,-3.537466,39.000000,7,-7.000268,32.000000,,,,,,
1761058001585,00034,6,6,0,0,4,34,28.931209,105.000000,7,12.830040,72.000000,5,4.861864,56.000000,3,-7.474023,31.000000,6,-12.721703,21.000000,8,-13.867378,18.000000,2,-14.017824,18.000000,,,,,,
1761058001585,00063,6,6,0,0,4,63,19.941992,87.000000,2,11.644373,70.000000,3,6.044755,59.000000,5,5.120684,57.000000,6,-4.044972,38.000000,8,-9.638328,27.000000,7,-15.021037,16.000000,,,,,,
1761058001685,00002,6,6,0,0,4,2,15.082815,77.000000,2,12.210854,71.000000,7,0.434340,47.000000,3,-3.015983,40.000000,5,-5.160393,36.000000,8,-6.817915,33.000000,6,-15.572490,15.000000,,,,,,
1761058001685,00007,6,6,0,0,4,7,6.677729,60.000000,2,5.905263,58.000000,3,2.159100,51.000000,5,-0.305228,46.000000,8,-4.271256,38.000000,7,-10.282515,26.000000,6,-11.430170,23.000000,,,,,,
1761058001685,00008,6,6,0,0,4,8,11.815668,70.000000,2,11.516589,70.000000,6,5.201308,57.000000,8,4.138175,55.000000,3,3.095486,53.000000,5,-0.788405,45.000000,7,-5.815327,35.000000,,,,,,
1761058001685,00032,6,6,0,0,4,32,23.716022,94.000000,2,10.488043,68.000000,6,8.219921,63.000000,8,3.915610,54.000000,5,-2.375853,42.000000,3,-5.514667,35.000000,7,-11.474826,23.000000,,,,,,
1761058001685,00034,6,6,0,0,4,34,29.086715,105.000000,7,8.539325,64.000000,5,5.537059,58.000000,3,-2.456043,41.000000,8,-11.635823,23.000000,6,-11.963141,22.000000,2,-13.480379,19.000000,,,,,,
1761058001685,00063,6,6,0,0,4,63,18.541466,84.000000,2,9.888431,66.000000,3,6.379631,59.000000,5,5.778488,58.000000,6,-1.320402,44.000000,8,-7.573662,31.000000,7,-15.139069,16.000000,,,,,,
1761058001785,00002,7,6,0,0,4,2,15.845677,78.000000,2,13.891503,74.000000,3,-3.927420,38.000000,7,-4.259643,38.000000,5,-6.474347,33.000000,8,-7.127725,32.000000,6,-15.400910,15.000000,,,,,,
1761058001785,00007,7,6,0,0,4,7,9.137635,65.000000,2,17.136934,81.000000,5,2.582246,52.000000,8,-1.327420,44.000000,3,-4.358496,38.000000,6,-8.686254,29.000000,7,-11.137484,24.000000,,,,,,
1761058001785,00008,7,6,0,0,4,8,10.980175,68.000000,2,10.508442,68.000000,3,4.429464,55.000000,6,2.647312,52.000000,5,1.494928,49.000000,8,0.969957,48.000000,7,-8.701258,29.000000,,,,,,
1761058001785,00032,7,6,0,0,4,32,21.420493,90.000000,2,11.889119,70.000000,8,6.980274,60.000000,6,2.124423,51.000000,5,-4.514434,37.000000,3,-5.328950,36.000000,7,-14.548208,17.000000,,,,,,
1761058001785,00034,7,6,0,0,4,34,28.636824,104.000000,5,7.597710,62.000000,7,7.178008,61.000000,3,0.019632,46.000000,8,-9.243977,28.000000,2,-11.580010,23.000000,6,-13.665010,19.000000,,,,,,
1761058001785,00063,7,6,0,0,4,63,14.658943,76.000000,2,7.650603,62.000000,3,6.062410,59.000000,5,4.625199,56.000000,6,-1.655470,43.000000,8,-7.593832,31.000000,7,-15.766100,15.000000,,,,,,
1761058001785,00054,7,6,0,0,4,54,12.422693,71.000000,5,8.325900,63.000000,2,7.524401,62.000000,3,-3.215259,40.000000,6,-5.128871,36.000000,7,-22.567372,1.000000,8,-23.675999,0.000000,,,,,,
1761058001885,00002,7,7,0,0,4,2,17.762127,82.000000,2,15.172821,77.000000,7,0.297182,47.000000,5,-0.499498,45.000000,8,-4.067068,38.000000,3,-5.185399,36.000000,6,-16.110077,14.000000,,,,,,
1761058001885,00007,7,7,0,0,4,7,6.535269,60.000000,5,3.771191,54.000000,3,0.275751,47.000000,8,-0.905815,45.000000,2,-2.899568,41.000000,6,-11.314956,24.000000,7,-11.481302,23.000000,,,,,,
1761058001885,00008,7,7,0,0,4,8,13.794489,74.000000,2,15.348116,77.000000,6,6.065469,59.000000,8,-3.716817,39.000000,5,-3.767209,39.000000,3,-4.229952,38.000000,7,-6.777025,33.000000,,,,,,
1761058001885,00032,7,7,0,0,4,32,20.135421,87.000000,6,10.373351,67.000000,8,8.365852,63.000000,2,6.779098,60.000000,5,-1.817825,43.000000,3,-3.984904,38.000000,7,-10.962413,24.000000,,,,,,
1761058001885,00034,7,7,0,0,4,34,29.754314,106.000000,5,10.372459,67.000000,7,3.782867,54.000000,6,0.305767,47.000000,3,-1.067242,44.000000,8,-10.149461,26.000000,2,-12.162076,22.000000,,,,,,
1761058001885,00063,7,7,0,0,4,63,17.077550,81.000000,2,12.000453,71.000000,5,3.774793,54.000000,3,3.215469,53.000000,6,-3.004881,40.000000,8,-11.248166,24.000000,7,-16.759813,13.000000,,,,,,
1761058001885,00054,7,7,0,0,4,54,17.653878,82.000000,5,9.870823,66.000000,2,5.405347,57.000000,3,-1.298108,44.000000,6,-7.894032,30.000000,7,-21.191761,4.000000,8,-24.864609,0.000000,,,,,,
1761058001985,00002,7,7,0,0,4,2,15.318255,77.000000,2,14.549653,76.000000,7,0.372211,47.000000,3,-0.908318,45.000000,5,-4.817293,37.000000,8,-5.925533,34.000000,6,-14.315136,18.000000,,,,,,
1761058001985,00007,7,7,0,0,4,7,2.976465,52.000000,3,5.313228,57.000000,5,1.891422,50.000000,8,0.457521,47.000000,2,-4.201955,38.000000,6,-12.395368,21.000000,7,-13.525748,19.000000,,,,,,
1761058001985,00008,7,7,0,0,4,8,7.664301,62.000000,3,14.625944,76.000000,2,13.165175,73.000000,8,3.792575,54.000000,6,2.198897,51.000000,7,1.936805,50.000000,5,1.548189,49.000000,,,,,,
1761058001985,00032,7,7,0,0,4,32,16.160571,79.000000,8,9.639257,66.000000,6,7.425844,61.000000,2,5.266259,57.000000,3,-2.620212,41.000000,5,-4.885815,37.000000,7,-9.174392,28.000000,,,,,,
1761058001985,00034,7,7,0,0,4,34,33.278958,113.000000,5,12.073841,71.000000,7,5.611910,58.000000,8,-6.663616,33.000000,3,-7.704979,31.000000,2,-12.188979,22.000000,6,-13.901413,18.000000,,,,,,
1761058001985,00063,7,7,0,0,4,63,12.691296,72.000000,2,8.280696,63.000000,3,5.663823,58.000000,5,5.315585,57.000000,6,-3.918861,38.000000,8,-6.328662,34.000000,7,-16.275086,14.000000,,,,,,
1761058001985,00054,7,7,0,0,4,54,11.342709,69.000000,5,8.659427,64.000000,2,7.256467,61.000000,3,2.859280,52.000000,6,-1.091760,44.000000,7,-23.706570,0.000000,8,-31.650872,0.000000,,,,,,
1761058002085,00002,7,7,0,0,4,2,13.196663,73.000000,2,10.309485,67.000000,3,3.893044,54.000000,5,-2.025067,42.000000,7,-2.071108,42.000000,8,-5.477940,35.000000,6,-13.215018,20.000000,,,,,,
1761058002085,00007,7,7,0,0,4,7,6.226152,59.000000,2,11.946864,70.000000,3,3.995033,54.000000,5,2.338151,51.000000,8,1.993870,50.000000,6,-12.040100,22.000000,7,-12.660555,21.000000,,,,,,
1761058002085,00008,7,7,0,0,4,8,11.630442,70.000000,3,14.814240,76.000000,2,13.567632,74.000000,5,3.851340,54.000000,8,-0.275975,46.000000,6,-1.671359,43.000000,7,-5.556981,35.000000,,,,,,
1761058002085,00032,7,7,0,0,4,32,15.765812,78.000000,8,12.074188,71.000000,2,2.531755,51.000000,6,1.997172,50.000000,5,-0.980988,44.000000,3,-5.359471,36.000000,7,-11.153119,24.000000,,,,,,
1761058002085,00034,7,7,0,0,4,34,31.338228,110.000000,5,12.773081,72.000000,7,7.298477,61.000000,3,-5.368247,36.000000,8,-9.477766,27.000000,6,-11.485078,23.000000,2,-14.673404,17.000000,,,,,,
1761058002085,00063,7,7,0,0,4,63,13.682020,74.000000,2,10.622569,68.000000,5,4.985738,56.000000,3,2.546745,51.000000,6,-2.801720,41.000000,8,-9.083274,28.000000,7,-11.987310,22.000000,,,,,,
1761058002085,00054,7,7,0,0,4,54,13.446327,73.000000,2,13.472703,74.000000,5,5.750223,58.000000,3,3.245814,53.000000,6,-1.444734,43.000000,7,-21.412947,3.000000,8,-30.782304,0.000000,,,,,,
1761058002185,00002,7,6,0,0,4,2,10.875408,68.000000,2,11.879540,70.000000,7,-3.524299,39.000000,3,-3.835944,39.000000,5,-4.438369,37.000000,8,-6.683246,33.000000,6,-12.294326,22.000000,,,,,,
1761058002185,00032,7,6,0,0,4,32,17.515832,82.000000,8,5.726292,58.000000,5,3.877208,54.000000,2,3.415813,53.000000,6,0.931128,48.000000,3,-4.874480,37.000000,7,-10.290523,26.000000,,,,,,
1761058002185,00034,7,6,0,0,4,34,34.404158,116.000000,5,7.389831,61.000000,7,1.725840,50.000000,3,-5.529156,35.000000,8,-6.272516,34.000000,2,-12.602243,21.000000,6,-14.449427,17.000000,,,,,,
1761058002185,00063,7,6,0,0,4,63,14.592150,76.000000,2,13.047147,73.000000,5,8.050993,63.000000,3,4.977843,56.000000,6,-2.012819,42.000000,8,-13.586280,19.000000,7,-15.726418,15.000000,,,,,,
1761058002185,00054,7,6,0,0,4,54,17.836345,82.000000,5,18.731386,84.000000,2,10.863291,68.000000,3,5.150236,57.000000,6,-1.097214,44.000000,7,-22.792599,0.000000,8,-26.622417,0.000000,,,,,,
1761058002185,00001,7,6,0,0,4,1,12.283944,71.000000,7,7.946619,62.000000,2,4.816241,56.000000,5,4.466402,55.000000,8,3.421803,53.000000,6,-7.218441,32.000000,3,-19.287780,7.000000,,,,,,
1761058002185,00023,7,6,0,0,4,23,6.980437,60.000000,3,7.601235,62.000000,7,-2.210254,42.000000,2,-3.877889,39.000000,6,-5.695130,35.000000,8,-7.180700,32.000000,5,-10.013164,26.000000,,,,,,
1761058002285,00032,7,7,0,0,4,32,16.274268,79.000000,8,7.277950,61.000000,5,2.752932,52.000000,2,0.022045,46.000000,6,-0.394972,46.000000,3,-5.778330,35.000000,7,-13.124619,20.000000,,,,,,
1761058002285,00034,7,7,0,0,4,34,32.236617,111.000000,5,8.748042,64.000000,7,2.252079,51.000000,3,-2.299670,42.000000,8,-6.855341,33.000000,2,-11.666990,23.000000,6,-13.968268,18.000000,,,,,,
1761058002285,00063,7,7,0,0,4,63,17.419687,81.000000,2,13.789951,74.000000,5,9.300337,65.000000,3,4.207182,55.000000,6,-2.442117,41.000000,7,-14.927861,16.000000,8,-17.854152,10.000000,,,,,,
1761058002285,00054,7,7,0,0,4,54,15.157183,77.000000,2,9.996367,67.000000,5,5.896653,58.000000,3,-0.527124,45.000000,6,-1.380662,44.000000,7,-18.965302,8.000000,8,-29.257132,0.000000,,,,,,
1761058002285,00001,7,7,0,0,4,1,7.173601,61.000000,8,16.691841,80.000000,7,2.397049,51.000000,5,1.872152,50.000000,2,1.557381,50.000000,6,-9.487935,27.000000,3,-18.329614,9.000000,,,,,,
1761058002285,00023,7,7,0,0,4,23,7.554772,62.000000,3,8.346458,63.000000,2,-1.956272,42.000000,7,-6.537421,33.000000,6,-7.229457,32.000000,5,-10.276447,26.000000,8,-11.713144,23.000000,,,,,,
1761058002285,00017,7,7,0,0,4,17,11.306843,69.000000,2,4.935477,56.000000,3,4.636107,56.000000,5,1.342795,49.000000,7,-6.710292,33.000000,8,-14.745033,17.000000,6,-15.735162,15.000000,,,,,,
1761058002385,00032,6,6,0,0,4,32,17.915424,82.000000,8,6.412502,59.000000,6,1.258755,49.000000,5,-0.344402,46.000000,2,-4.675282,37.000000,7,-7.547808,31.000000,3,-9.781882,27.000000,,,,,,
1761058002385,00034,6,6,0,0,4,34,29.330750,105.000000,5,9.267500,65.000000,7,4.130742,55.000000,3,4.023370,54.000000,8,-4.700045,37.000000,2,-12.897948,20.000000,6,-14.868555,16.000000,,,,,,
1761058002385,00063,6,6,0,0,4,63,16.539909,80.000000,2,12.045358,71.000000,5,7.418675,61.000000,3,5.368361,57.000000,6,-5.186680,36.000000,8,-13.937675,18.000000,7,-14.334504,17.000000,,,,,,
1761058002385,00054,6,6,0,0,4,54,13.400924,73.000000,2,9.564575,66.000000,5,4.722840,56.000000,3,-0.028104,46.000000,6,-1.165211,44.000000,7,-19.614070,7.000000,8,-23.520176,0.000000,,,,,,
1761058002385,00023,6,6,0,0,4,23,5.958855,58.000000,3,7.926528,62.000000,2,-4.824796,37.000000,7,-4.949580,36.000000,6,-7.461649,31.000000,5,-11.167188,24.000000,8,-13.626552,19.000000,,,,,,
1761058002385,00017,6,6,0,0,4,17,11.310354,69.000000,3,6.084115,59.000000,2,2.053284,51.000000,7,-2.698076,41.000000,5,-4.918873,36.000000,8,-12.955993,20.000000,6,-16.788570,13.000000,,,,,,
1761058002485,00032,6,5,0,0,4,32,20.353888,87.000000,6,4.663594,56.000000,8,4.234277,55.000000,5,-3.423228,39.000000,2,-7.652441,31.000000,3,-10.340272,26.000000,7,-14.080538,18.000000,,,,,,
1761058002485,00034,6,5,0,0,4,34,24.489194,96.000000,5,9.450438,65.000000,7,1.512349,49.000000,3,-1.503147,43.000000,8,-3.957216,38.000000,2,-9.377538,27.000000,6,-11.222950,24.000000,,,,,,
1761058002485,00063,6,5,0,0,4,63,17.415894,81.000000,2,16.270780,79.000000,5,9.514402,66.000000,3,2.650978,52.000000,6,-8.839102,29.000000,7,-12.118012,22.000000,8,-13.313805,20.000000,,,,,,
1761058002485,00054,6,5,0,0,4,54,11.004434,69.000000,2,11.009260,69.000000,5,5.675526,58.000000,6,1.565027,50.000000,3,-1.353462,44.000000,7,-23.343089,0.000000,8,-26.408620,0.000000,,,,,,
1761058002485,00017,6,5,0,0,4,17,13.627436,74.000000,3,7.489862,61.000000,5,-1.131409,44.000000,7,-3.908119,38.000000,2,-6.222766,34.000000,8,-12.151491,22.000000,6,-12.957642,20.000000,,,,,,
1761058002485,00002,6,5,0,0,4,2,10.324267,67.000000,2,8.719561,64.000000,7,-0.312138,46.000000,3,-0.498639,45.000000,5,-0.967436,44.000000,8,-12.504433,21.000000,6,-14.075245,18.000000,,,,,,
1761058002585,00032,7,7,0,0,4,32,18.262381,83.000000,8,2.002247,50.000000,6,0.790575,48.000000,5,-1.026660,44.000000,2,-1.337771,44.000000,3,-9.802351,27.000000,7,-9.909618,26.000000,,,,,,
1761058002585,00034,7,7,0,0,4,34,26.451218,100.000000,5,9.693775,66.000000,2,6.402239,59.000000,3,-1.004812,44.000000,7,-2.401980,42.000000,8,-4.086365,38.000000,6,-13.974129,18.000000,,,,,,
1761058002585,00063,7,7,0,0,4,63,7.660779,62.000000,5,13.253298,73.000000,2,12.934634,72.000000,3,7.898389,62.000000,6,-4.194170,38.000000,7,-8.844174,29.000000,8,-15.353644,15.000000,,,,,,
1761058002585,00054,7,7,0,0,4,54,9.142461,65.000000,2,6.998424,60.000000,5,5.499360,57.000000,6,3.813767,54.000000,3,-5.108985,36.000000,7,-16.133575,14.000000,8,-31.961617,0.000000,,,,,,
1761058002585,00017,7,7,0,0,4,17,11.245373,69.000000,3,8.805451,64.000000,2,-3.026891,40.000000,5,-5.349023,36.000000,7,-5.452951,35.000000,6,-8.379121,29.000000,8,-16.957248,12.000000,,,,,,
1761058002585,00002,7,7,0,0,4,2,12.519232,72.000000,2,12.058702,71.000000,5,-1.112414,44.000000,3,-1.308055,44.000000,7,-2.701876,41.000000,8,-11.414906,23.000000,6,-13.127679,20.000000,,,,,,
1761058002585,00037,7,7,0,0,4,37,7.742046,62.000000,2,9.909513,66.000000,3,8.992995,64.000000,8,7.867119,62.000000,6,3.786494,54.000000,7,2.125351,51.000000,5,-24.361987,0.000000,,,,,,
1761058002685,00032,8,7,0,0,4,32,18.949145,85.000000,8,0.432384,47.000000,6,0.229411,47.000000,2,-0.442871,45.000000,5,-2.251943,42.000000,3,-8.652942,29.000000,7,-12.352063,21.000000,,,,,,
1761058002685,00034,8,7,0,0,4,34,29.876334,107.000000,5,10.063534,67.000000,2,8.851157,64.000000,7,0.109834,47.000000,3,-2.027201,42.000000,8,-7.705894,31.000000,6,-15.218725,16.000000,,,,,,
1761058002685,00063,8,7,0,0,4,63,18.134639,83.000000,2,15.041953,77.000000,5,10.685533,68.000000,3,2.048019,50.000000,6,-7.590845,31.000000,7,-8.454550,29.000000,8,-16.372780,13.000000,,,,,,
1761058002685,00054,8,7,0,0,4,54,8.425609,63.000000,6,7.219876,61.000000,2,4.413558,55.000000,5,-0.038110,46.000000,3,-6.570408,33.000000,7,-17.177589,12.000000,8,-30.237724,0.000000,,,,,,
1761058002685,00017,8,7,0,0,4,17,12.011196,71.000000,3,11.183959,69.000000,5,-2.866781,41.000000,7,-4.907677,36.000000,2,-7.083434,32.000000,6,-11.811245,23.000000,8,-20.083842,6.000000,,,,,,
1761058002685,00002,8,7,0,0,4,2,12.861794,72.000000,2,11.558745,70.000000,5,3.509518,53.000000,7,0.105236,47.000000,3,-0.581513,45.000000,6,-7.894095,30.000000,8,-15.387480,15.000000,,,,,,
1761058002685,00037,8,7,0,0,4,37,6.047051,59.000000,8,10.945477,68.000000,3,8.846609,64.000000,2,5.263833,57.000000,6,5.133298,57.000000,7,-0.877209,45.000000,5,-19.520229,7.000000,,,,,,
1761058002685,00023,8,7,0,0,4,23,9.273573,65.000000,2,5.243321,57.000000,3,3.320324,53.000000,7,-1.867776,43.000000,6,-5.849514,35.000000,5,-12.109660,22.000000,8,-14.183726,18.000000,,,,,,
1761058002785,00032,7,7,0,0,4,32,18.863336,84.000000,5,2.614047,52.000000,2,1.590846,50.000000,6,0.547566,47.000000,8,-4.379480,38.000000,3,-11.260445,24.000000,7,-13.621952,19.000000,,,,,,
1761058002785,00034,7,7,0,0,4,34,24.445923,96.000000,2,7.129905,61.000000,5,1.622921,50.000000,7,-2.747221,41.000000,3,-5.144316,36.000000,8,-6.428429,33.000000,6,-16.632231,13.000000,,,,,,
1761058002785,00063,7,7,0,0,4,63,16.769386,80.000000,2,14.640889,76.000000,5,13.811986,74.000000,3,1.755513,50.000000,7,-7.462641,31.000000,6,-9.286486,28.000000,8,-14.576016,17.000000,,,,,,
1761058002785,00054,7,7,0,0,4,54,7.979270,62.000000,2,6.713680,60.000000,6,4.029651,54.000000,5,3.249951,53.000000,3,-2.154662,42.000000,7,-15.209936,16.000000,8,-29.215604,0.000000,,,,,,
1761058002785,00002,7,7,0,0,4,2,15.275317,77.000000,2,13.123839,73.000000,5,1.742341,50.000000,3,0.899785,48.000000,7,-1.908919,43.000000,6,-12.712908,21.000000,8,-18.311189,9.000000,,,,,,
1761058002785,00037,7,7,0,0,4,37,7.156641,61.000000,3,11.952970,70.000000,8,11.321793,69.000000,2,8.726921,64.000000,6,3.318074,53.000000,7,2.144428,51.000000,5,-19.355316,7.000000,,,,,,
1761058002785,00023,7,7,0,0,4,23,13.576796,74.000000,3,7.348287,61.000000,2,4.362999,55.000000,7,1.278367,49.000000,6,-6.524748,33.000000,5,-10.940948,24.000000,8,-11.293880,24.000000,,,,,,
1761058002885,00032,7,7,0,0,4,32,21.489663,90.000000,2,0.757099,48.000000,6,-0.136864,46.000000,5,-0.747475,45.000000,8,-1.877631,43.000000,3,-7.123144,32.000000,7,-12.309652,22.000000,,,,,,
1761058002885,00034,7,7,0,0,4,34,25.294410,97.000000,5,7.919084,62.000000,2,3.862064,54.000000,8,-2.976687,40.000000,3,-3.102324,40.000000,7,-3.182380,40.000000,6,-19.551192,7.000000,,,,,,
1761058002885,00063,7,7,0,0,4,63,17.118615,81.000000,2,14.088917,75.000000,5,10.228886,67.000000,3,1.740918,50.000000,7,-9.688167,27.000000,6,-11.089809,24.000000,8,-20.974957,4.000000,,,,,,
1761058002885,00054,7,7,0,0,4,54,12.747890,72.000000,6,7.174815,61.000000,5,1.411691,49.000000,2,-1.994987,42.000000,3,-3.969175,38.000000,7,-14.986919,16.000000,8,-30.843213,0.000000,,,,,,
1761058002885,00002,7,7,0,0,4,2,18.685003,84.000000,2,10.526086,68.000000,3,3.409853,53.000000,5,0.291178,47.000000,7,-1.578046,43.000000,6,-8.127477,30.000000,8,-12.017503,22.000000,,,,,,
1761058002885,00037,7,7,0,0,4,37,6.669409,60.000000,8,12.412629,71.000000,3,8.677609,64.000000,2,5.095289,57.000000,6,4.809847,56.000000,7,-0.857901,45.000000,5,-23.372619,0.000000,,,,,,
1761058002885,00023,7,7,0,0,4,23,8.654730,64.000000,2,3.767503,54.000000,7,2.633429,52.000000,3,-2.521562,41.000000,5,-10.077723,26.000000,6,-11.166348,24.000000,8,-15.743066,15.000000,,,,,,
1761058002985,00032,8,7,0,0,4,32,24.931017,97.000000,5,1.643227,50.000000,2,-0.719329,45.000000,6,-3.639609,39.000000,8,-4.155206,38.000000,3,-8.129821,30.000000,7,-9.679481,27.000000,,,,,,
1761058002985,00034,8,7,0,0,4,34,24.019419,95.000000,5,7.661273,62.000000,2,1.141594,49.000000,3,-2.109275,42.000000,7,-2.757871,41.000000,8,-7.126651,32.000000,6,-13.668635,19.000000,,,,,,
1761058002985,00063,8,7,0,0,4,63,17.750658,82.000000,5,12.995150,73.000000,2,10.748806,68.000000,3,2.203088,51.000000,6,-2.966545,40.000000,7,-5.263102,36.000000,8,-18.012753,10.000000,,,,,,
1761058002985,00054,8,7,0,0,4,54,1.967789,50.000000,6,4.753567,56.000000,5,4.296817,55.000000,2,-0.348870,46.000000,3,-6.203678,34.000000,7,-12.589336,21.000000,8,-28.922736,0.000000,,,,,,
1761058002985,00002,8,7,0,0,4,2,15.125431,77.000000,2,8.575829,64.000000,5,1.604855,50.000000,3,0.640151,48.000000,7,-1.246360,44.000000,6,-11.012995,24.000000,8,-13.652621,19.000000,,,,,,
1761058002985,00037,8,7,0,0,4,37,7.139278,61.000000,2,8.098136,63.000000,3,7.729541,62.000000,8,7.256773,61.000000,6,4.846020,56.000000,7,-1.217246,44.000000,5,-22.481441,1.000000,,,,,,
1761058002985,00023,8,7,0,0,4,23,12.018221,71.000000,7,4.080064,55.000000,2,-1.263502,44.000000,3,-2.178502,42.000000,6,-5.634387,35.000000,5,-9.772413,27.000000,8,-12.330964,22.000000,,,,,,
1761058002985,00008,8,7,0,0,4,8,16.417573,79.000000,2,13.481377,74.000000,3,11.064053,69.000000,5,-1.241572,44.000000,8,-3.677811,39.000000,7,-8.763936,29.000000,6,-10.958340,24.000000,,,,,,
1761058003085,00032,7,7,0,0,4,32,22.392092,92.000000,5,1.592504,50.000000,2,0.410868,47.000000,6,-1.963904,42.000000,3,-6.278559,34.000000,8,-8.423829,29.000000,7,-9.525435,27.000000,,,,,,
1761058003085,00034,7,7,0,0,4,34,27.993918,103.000000,5,4.582268,56.000000,3,0.974993,48.000000,2,-0.378432,46.000000,7,-2.663240,41.000000,8,-8.271190,30.000000,6,-15.018019,16.000000,,,,,,
1761058003085,00063,7,7,0,0,4,63,18.057035,83.000000,2,9.432284,65.000000,5,4.437844,55.000000,3,2.718989,52.000000,7,-8.306161,30.000000,6,-9.138223,28.000000,8,-18.356184,9.000000,,,,,,
1761058003085,00054,7,7,0,0,4,54,-0.295919,46.000000,6,2.314050,51.000000,5,1.710318,50.000000,2,-0.267652,46.000000,3,-5.721387,35.000000,7,-11.435158,23.000000,8,-24.772799,0.000000,,,,,,
1761058003085,00002,7,7,0,0,4,2,12.098945,71.000000,2,8.172633,63.000000,5,-0.007981,46.000000,3,-0.611772,45.000000,7,-1.281363,44.000000,8,-11.070321,24.000000,6,-11.838866,22.000000,,,,,,
1761058003085,00023,7,7,0,0,4,23,14.884708,76.000000,2,3.316657,53.000000,7,1.791898,50.000000,3,0.297641,47.000000,6,-7.625746,31.000000,5,-9.856365,26.000000,8,-14.754757,17.000000,,,,,,
1761058003085,00008,7,7,0,0,4,8,21.434122,90.000000,2,9.680290,66.000000,3,8.978048,64.000000,8,0.320289,47.000000,5,-1.986272,42.000000,7,-8.773023,29.000000,6,-12.923890,20.000000,,,,,,
1761058003185,00032,7,7,0,0,4,32,19.189814,85.000000,5,3.446025,53.000000,2,-0.094876,46.000000,6,-1.307907,44.000000,8,-8.445974,29.000000,7,-9.901137,26.000000,3,-11.194701,24.000000,,,,,,
1761058003185,00034,7,7,0,0,4,34,30.452841,108.000000,5,12.118543,71.000000,3,-1.981201,42.000000,7,-3.144084,40.000000,2,-4.394690,38.000000,8,-8.219152,30.000000,6,-17.038823,12.000000,,,,,,
1761058003185,00063,7,7,0,0,4,63,15.356823,77.000000,2,12.207961,71.000000,5,11.046313,69.000000,3,5.226809,57.000000,6,-7.730113,31.000000,7,-10.010401,26.000000,8,-23.219687,0.000000,,,,,,
1761058003185,00054,7,7,0,0,4,54,2.106185,51.000000,6,4.851910,56.000000,2,0.837575,48.000000,5,0.452114,47.000000,3,-2.330938,42.000000,7,-10.062858,26.000000,8,-31.689357,0.000000,,,,,,
1761058003185,00002,7,7,0,0,4,2,10.851700,68.000000,2,5.198260,57.000000,5,2.605616,52.000000,3,2.400926,51.000000,7,-3.839310,39.000000,6,-8.618712,29.000000,8,-15.621286,15.000000,,,,,,
1761058003185,00023,7,7,0,0,4,23,18.235255,83.000000,7,2.482893,51.000000,3,0.036697,46.000000,2,-0.499386,45.000000,6,-7.993857,30.000000,5,-8.150921,30.000000,8,-14.320452,17.000000,,,,,,
1761058003185,00008,7,7,0,0,4,8,14.000593,75.000000,3,8.552578,64.000000,2,8.177868,63.000000,5,-2.008130,42.000000,8,-2.635504,41.000000,7,-11.061545,24.000000,6,-13.698401,19.000000,,,,,,
1761058003285,00032,7,7,0,0,4,32,18.529039,84.000000,2,4.148044,55.000000,5,2.717568,52.000000,6,-3.665808,39.000000,8,-6.877896,33.000000,7,-9.739633,27.000000,3,-10.550510,25.000000,,,,,,
1761058003285,00034,7,7,0,0,4,34,34.492888,116.000000,5,12.169689,71.000000,3,-0.223835,46.000000,7,-0.383461,46.000000,8,-5.157859,36.000000,2,-6.567722,33.000000,6,-17.447764,11.000000,,,,,,
1761058003285,00063,7,7,0,0,4,63,15.924284,78.000000,2,13.668693,74.000000,5,7.677659,62.000000,3,7.060959,61.000000,7,-12.617117,21.000000,6,-14.577785,17.000000,8,-20.008069,6.000000,,,,,,
1761058003285,00054,7,7,0,0,4,54,1.700373,50.000000,6,6.997697,60.000000,2,6.000210,58.000000,5,2.781647,52.000000,3,-4.247228,38.000000,7,-5.914898,34.000000,8,-30.882914,0.000000,,,,,,
1761058003285,00002,7,7,0,0,4,2,7.120496,61.000000,3,2.906113,52.000000,2,2.241096,51.000000,5,-0.398492,46.000000,7,-5.933048,34.000000,6,-13.177839,20.000000,8,-14.614938,17.000000,,,,,,
1761058003285,00023,7,7,0,0,4,23,17.772949,82.000000,7,2.515649,51.000000,2,0.706376,48.000000,3,-1.557573,43.000000,6,-7.133594,32.000000,5,-9.676970,27.000000,8,-12.989276,20.000000,,,,,,
1761058003285,00008,7,7,0,0,4,8,16.641501,80.000000,3,9.213491,65.000000,2,6.997328,60.000000,8,-1.456211,43.000000,5,-3.053707,40.000000,7,-4.641614,37.000000,6,-12.900831,20.000000,,,,,,
1761058003385,00032,6,6,0,0,4,32,15.752924,78.000000,2,-0.472553,45.000000,5,-1.380732,44.000000,6,-2.147417,42.000000,3,-7.494356,31.000000,8,-8.354017,30.000000,7,-10.080645,26.000000,,,,,,
1761058003385,00034,6,6,0,0,4,34,35.146979,117.000000,5,5.974276,58.000000,3,2.408534,51.000000,7,-1.239819,44.000000,2,-3.304009,40.000000,8,-11.285788,24.000000,6,-12.497169,21.000000,,,,,,
1761058003385,00063,6,6,0,0,4,63,18.632872,84.000000,2,10.666114,68.000000,5,10.454282,67.000000,3,3.261893,53.000000,7,-11.539634,23.000000,6,-12.141156,22.000000,8,-22.310488,1.000000,,,,,,
1761058003385,00002,6,6,0,0,4,2,4.359859,55.000000,2,3.564048,54.000000,3,3.113443,53.000000,5,-1.056737,44.000000,7,-3.965507,38.000000,6,-10.841437,25.000000,8,-13.038814,20.000000,,,,,,
1761058003385,00023,6,6,0,0,4,23,15.313263,77.000000,2,2.930609,52.000000,7,2.478730,51.000000,3,2.431938,51.000000,6,-6.201825,34.000000,5,-8.016208,30.000000,8,-13.412240,19.000000,,,,,,
1761058003385,00008,6,6,0,0,4,8,18.249779,83.000000,3,11.174535,69.000000,2,9.368757,65.000000,8,-3.779584,39.000000,5,-5.192384,36.000000,7,-6.656975,33.000000,6,-16.452854,13.000000,,,,,,
1761058003485,00032,6,6,0,0,4,32,18.111437,83.000000,6,0.722458,48.000000,5,-0.022327,46.000000,2,-0.533547,45.000000,7,-5.207816,36.000000,3,-5.630749,35.000000,8,-7.103087,32.000000,,,,,,
1761058003485,00034,6,6,0,0,4,34,32.313022,112.000000,5,8.113773,63.000000,7,3.693401,54.000000,3,2.898283,52.000000,2,-3.278270,40.000000,8,-7.968466,30.000000,6,-12.270179,22.000000,,,,,,
1761058003485,00063,6,6,0,0,4,63,15.084310,77.000000,5,12.989313,73.000000,2,12.974189,73.000000,3,5.072994,57.000000,7,-8.989664,28.000000,6,-14.892731,16.000000,8,-18.341286,9.000000,,,,,,
1761058003485,00002,6,6,0,0,4,2,3.115944,53.000000,2,5.273836,57.000000,3,0.647329,48.000000,7,-1.389890,44.000000,5,-3.256900,40.000000,6,-15.755663,15.000000,8,-20.511055,5.000000,,,,,,
1761058003485,00023,6,6,0,0,4,23,8.749150,64.000000,3,3.448412,53.000000,2,2.967997,52.000000,7,-0.263594,46.000000,6,-10.920611,24.000000,5,-11.532008,23.000000,8,-15.688153,15.000000,,,,,,
1761058003485,00008,6,6,0,0,4,8,16.338311,79.000000,3,8.373089,63.000000,2,6.898445,60.000000,8,-3.097560,40.000000,5,-3.731268,39.000000,7,-6.776907,33.000000,6,-12.445125,21.000000,,,,,,
1761058003585,00032,6,6,0,0,4,32,19.043093,85.000000,5,4.148578,55.000000,6,1.505232,49.000000,2,0.866319,48.000000,7,-5.372174,36.000000,3,-6.882402,32.000000,8,-9.107827,28.000000,,,,,,
1761058003585,00034,6,6,0,0,4,34,35.971720,119.000000,5,7.545215,62.000000,3,4.098740,55.000000,7,2.724116,52.000000,2,-2.653923,41.000000,8,-6.342479,34.000000,6,-14.361662,17.000000,,,,,,
1761058003585,00063,6,6,0,0,4,63,14.414660,75.000000,2,16.017756,79.000000,5,11.312480,69.000000,3,6.261190,59.000000,7,-9.851565,27.000000,6,-13.558822,19.000000,8,-13.912132,18.000000,,,,,,
1761058003585,00002,6,6,0,0,4,2,7.356678,61.000000,3,6.082272,59.000000,2,3.930561,54.000000,5,2.492566,51.000000,7,-2.322023,42.000000,8,-15.654833,15.000000,6,-19.018076,8.000000,,,,,,
1761058003585,00023,6,6,0,0,4,23,17.719927,82.000000,2,7.069903,61.000000,7,4.486551,55.000000,3,-0.521493,45.000000,5,-10.407962,25.000000,6,-13.291339,20.000000,8,-14.884938,16.000000,,,,,,
1761058003585,00008,6,6,0,0,4,8,17.539944,82.000000,3,11.254669,69.000000,2,9.958371,66.000000,5,0.595104,48.000000,7,-5.965457,34.000000,6,-12.918272,20.000000,8,-15.947187,14.000000,,,,,,
1761058003685,00032,6,6,0,0,4,32,15.858372,78.000000,5,1.759453,50.000000,6,1.514481,49.000000,2,-1.882335,43.000000,7,-7.544431,31.000000,3,-8.624582,29.000000,8,-9.521128,27.000000,,,,,,
1761058003685,00034,6,6,0,0,4,34,35.201578,117.000000,3,5.674543,58.000000,5,3.792469,54.000000,7,1.584812,50.000000,2,-2.058197,42.000000,8,-8.982340,28.000000,6,-11.125605,24.000000,,,,,,
1761058003685,00063,6,6,0,0,4,63,17.318970,81.000000,5,10.965533,68.000000,2,6.947975,60.000000,3,-1.215150,44.000000,7,-7.745603,31.000000,6,-8.754583,29.000000,8,-14.908668,16.000000,,,,,,
1761058003685,00002,6,6,0,0,4,2,-2.794977,41.000000,3,4.310532,55.000000,5,1.795228,50.000000,2,1.379329,49.000000,7,-4.866119,37.000000,6,-10.200544,26.000000,8,-15.588533,15.000000,,,,,,
1761058003685,00023,6,6,0,0,4,23,10.319213,67.000000,2,6.166995,59.000000,3,1.855304,50.000000,7,1.847294,50.000000,6,-9.300762,28.000000,8,-14.223259,18.000000,5,-15.350617,15.000000,,,,,,
1761058003685,00008,6,6,0,0,4,8,19.187220,85.000000,2,9.307875,65.000000,3,6.797006,60.000000,5,0.396512,47.000000,7,-1.813228,43.000000,8,-4.328437,38.000000,6,-14.904345,16.000000,,,,,,
1761058003785,00032,5,5,0,0,4,32,13.953827,74.000000,5,3.972935,54.000000,6,-1.659433,43.000000,2,-2.799444,41.000000,7,-7.934289,30.000000,8,-9.966483,26.000000,3,-14.099265,18.000000,,,,,,
1761058003785,00034,5,5,0,0,4,34,38.919583,125.000000,3,6.186263,59.000000,7,6.006762,58.000000,5,4.263618,55.000000,2,-4.435868,37.000000,8,-6.757964,33.000000,6,-12.075550,22.000000,,,,,,
1761058003785,00063,5,5,0,0,4,63,13.225706,73.000000,5,11.573401,70.000000,3,2.512936,51.000000,2,-3.555145,39.000000,6,-6.774287,33.000000,7,-10.581370,25.000000,8,-17.385281,11.000000,,,,,,
1761058003785,00023,5,5,0,0,4,23,15.403420,77.000000,2,6.687896,60.000000,3,0.378790,47.000000,7,-2.907946,41.000000,8,-11.474177,23.000000,5,-11.896206,22.000000,6,-12.640734,21.000000,,,,,,
1761058003785,00008,5,5,0,0,4,8,20.440522,88.000000,2,11.945700,70.000000,3,8.722620,64.000000,5,2.884092,52.000000,7,-0.449856,45.000000,8,-7.158164,32.000000,6,-21.739048,3.000000,,,,,,
1761058003885,00032,5,5,0,0,4,32,14.657507,76.000000,5,3.557171,54.000000,6,-0.371568,46.000000,2,-1.320051,44.000000,7,-7.052660,32.000000,8,-10.884951,24.000000,3,-13.105327,20.000000,,,,,,
1761058003885,00034,5,5,0,0,4,34,35.987813,119.000000,3,6.247242,59.000000,5,4.359662,55.000000,7,3.106605,53.000000,2,-1.261325,44.000000,8,-9.203041,28.000000,6,-16.602600,13.000000,,,,,,
1761058003885,00063,5,5,0,0,4,63,16.479000,80.000000,5,11.988380,71.000000,3,-2.332760,42.000000,2,-2.705333,41.000000,6,-8.871026,28.000000,7,-11.603433,23.000000,8,-23.369261,0.000000,,,,,,
1761058003885,00023,5,5,0,0,4,23,16.131142,79.000000,2,5.287361,57.000000,3,2.223063,51.000000,7,-3.108569,40.000000,6,-14.121725,18.000000,5,-14.895791,16.000000,8,-17.697705,11.000000,,,,,,
1761058003885,00008,5,5,0,0,4,8,14.362091,75.000000,3,6.456967,59.000000,2,2.586853,52.000000,5,0.683127,48.000000,7,-5.223357,36.000000,8,-5.569924,35.000000,6,-19.988654,6.000000,,,,,,
1761058003985,00032,5,5,0,0,4,32,11.145462,69.000000,5,8.474983,63.000000,6,0.388950,47.000000,3,0.113336,47.000000,2,-4.618349,37.000000,7,-8.130521,30.000000,8,-12.412496,21.000000,,,,,,
1761058003985,00034,5,5,0,0,4,34,36.021465,119.000000,7,7.776333,62.000000,3,4.687998,56.000000,5,3.863330,54.000000,2,0.181348,47.000000,8,-12.432472,21.000000,6,-13.965813,18.000000,,,,,,
1761058003985,00063,5,5,0,0,4,63,11.189715,69.000000,5,9.489361,65.000000,2,-2.836042,41.000000,3,-3.770622,39.000000,6,-5.861120,35.000000,7,-11.806080,23.000000,8,-18.857294,8.000000,,,,,,
1761058003985,00023,5,5,0,0,4,23,3.975125,54.000000,2,4.768459,56.000000,3,-0.692465,45.000000,7,-5.483469,35.000000,8,-14.453350,17.000000,6,-16.011475,14.000000,5,-19.319440,7.000000,,,,,,
1761058003985,00008,5,5,0,0,4,8,21.157234,89.000000,3,6.805255,60.000000,2,6.177538,59.000000,5,2.803469,52.000000,8,-3.512880,39.000000,7,-3.515409,39.000000,6,-24.156010,0.000000,,,,,,
1761058004085,00032,6,5,0,0,4,32,11.417886,69.000000,5,2.855175,52.000000,2,-3.684148,39.000000,6,-4.171977,38.000000,8,-8.095477,30.000000,7,-11.316328,24.000000,3,-14.263218,18.000000,,,,,,
1761058004085,00034,6,5,0,0,4,34,31.379588,110.000000,3,9.481261,65.000000,7,2.560407,52.000000,5,1.853765,50.000000,2,-2.230462,42.000000,8,-11.682208,23.000000,6,-16.864755,12.000000,,,,,,
1761058004085,00063,6,5,0,0,4,63,12.563888,72.000000,5,9.274888,65.000000,6,-1.560929,43.000000,3,-1.869450,43.000000,2,-2.815890,41.000000,7,-8.790234,29.000000,8,-18.192467,10.000000,,,,,,
1761058004085,00023,6,5,0,0,4,23,-0.253076,46.000000,2,4.466515,55.000000,3,2.541850,51.000000,7,-4.678658,37.000000,6,-10.669672,25.000000,8,-11.384089,23.000000,5,-15.830355,14.000000,,,,,,
1761058004085,00008,6,5,0,0,4,8,20.579860,88.000000,3,9.704997,66.000000,2,6.760941,60.000000,5,-0.397353,46.000000,7,-6.932482,32.000000,8,-7.663629,31.000000,6,-21.605208,3.000000,,,,,,
1761058004085,00031,6,5,0,0,4,31,9.041799,65.000000,6,7.865745,62.000000,5,6.086462,59.000000,7,-2.510866,41.000000,2,-4.608798,37.000000,8,-7.229036,32.000000,3,-13.201828,20.000000,,,,,,
1761058004185,00032,5,5,0,0,4,32,12.069270,71.000000,5,17.081672,81.000000,2,-1.455880,43.000000,6,-8.254605,30.000000,7,-9.598806,27.000000,8,-13.100779,20.000000,3,-14.968839,16.000000,,,,,,
1761058004185,00034,5,5,0,0,4,34,32.920224,113.000000,3,11.545065,70.000000,7,6.889124,60.000000,5,-5.291542,36.000000,2,-5.363770,36.000000,8,-12.015780,22.000000,6,-14.294133,18.000000,,,,,,
1761058004185,00063,5,5,0,0,4,63,12.951467,72.000000,5,13.100364,73.000000,6,-0.488731,45.000000,3,-3.354134,40.000000,2,-4.446469,37.000000,8,-12.682980,21.000000,7,-12.806390,21.000000,,,,,,
1761058004185,00008,5,5,0,0,4,8,18.418835,83.000000,3,5.966469,58.000000,2,3.222654,53.000000,5,-0.988024,44.000000,7,-6.227700,34.000000,8,-7.413654,31.000000,6,-21.229017,4.000000,,,,,,
1761058004185,00031,5,5,0,0,4,31,7.068607,61.000000,6,6.410635,59.000000,5,5.372708,57.000000,7,2.141453,51.000000,8,-4.498350,37.000000,2,-5.268760,36.000000,3,-13.536976,19.000000,,,,,,
1761058004285,00032,6,6,0,0,4,32,12.556132,72.000000,5,10.110231,67.000000,2,-2.213903,42.000000,6,-8.757276,29.000000,3,-11.235924,24.000000,8,-11.843298,22.000000,7,-12.718050,21.000000,,,,,,
1761058004285,00034,6,6,0,0,4,34,31.757572,110.000000,7,10.710991,68.000000,3,9.253601,65.000000,2,-2.362562,42.000000,5,-6.260314,34.000000,8,-10.788628,25.000000,6,-17.093345,12.000000,,,,,,
1761058004285,00063,6,6,0,0,4,63,12.546057,72.000000,5,16.479974,80.000000,2,-2.683630,41.000000,6,-4.005507,38.000000,3,-5.353042,36.000000,7,-7.043740,32.000000,8,-11.327437,24.000000,,,,,,
1761058004285,00008,6,6,0,0,4,8,20.642005,88.000000,3,8.853089,64.000000,5,7.271972,61.000000,2,6.268429,59.000000,7,-5.364257,36.000000,8,-8.663468,29.000000,6,-20.198524,6.000000,,,,,,
1761058004285,00031,6,6,0,0,4,31,7.073034,61.000000,6,10.958363,68.000000,5,2.815569,52.000000,7,-0.245683,46.000000,2,-8.244108,30.000000,8,-11.009369,24.000000,3,-13.316962,20.000000,,,,,,
1761058004285,00054,6,6,0,0,4,54,15.562237,78.000000,6,12.057800,71.000000,5,9.431119,65.000000,2,5.815969,58.000000,7,0.242697,47.000000,3,-11.060040,24.000000,8,-22.009865,2.000000,,,,,,
1761058004385,00032,5,5,0,0,4,32,13.351666,73.000000,5,16.105737,79.000000,2,0.818964,48.000000,8,-6.772911,33.000000,6,-7.898528,30.000000,7,-10.184339,26.000000,3,-13.160036,20.000000,,,,,,
1761058004385,00034,5,5,0,0,4,34,31.820841,111.000000,3,12.397033,71.000000,7,8.853763,64.000000,2,0.984820,48.000000,5,-2.177852,42.000000,8,-10.767867,25.000000,6,-19.604203,7.000000,,,,,,
1761058004385,00008,5,5,0,0,4,8,21.154132,89.000000,3,10.112860,67.000000,2,7.160405,61.000000,5,6.316015,59.000000,7,-5.275787,36.000000,8,-7.600776,31.000000,6,-19.757903,7.000000,,,,,,
1761058004385,00031,5,5,0,0,4,31,8.456129,63.000000,5,7.561176,62.000000,6,5.922397,58.000000,7,-2.302810,42.000000,8,-6.505984,33.000000,2,-9.267575,28.000000,3,-11.600807,23.000000,,,,,,
1761058004385,00054,5,5,0,0,4,54,16.753460,80.000000,6,17.091771,81.000000,5,8.299702,63.000000,2,6.106365,59.000000,7,3.691113,54.000000,3,-7.430226,31.000000,8,-24.950265,0.000000,,,,,,
1761058004485,00032,5,5,0,0,4,32,12.424171,71.000000,5,17.210171,81.000000,2,-3.640907,39.000000,8,-8.143529,30.000000,6,-9.885776,26.000000,7,-10.880703,24.000000,3,-12.207217,22.000000,,,,,,
1761058004485,00034,5,5,0,0,4,34,34.227075,115.000000,3,7.276682,61.000000,7,7.032493,61.000000,2,0.259718,47.000000,5,-2.642018,41.000000,8,-11.956917,22.000000,6,-18.414378,9.000000,,,,,,
1761058004485,00008,5,5,0,0,4,8,24.081826,95.000000,5,6.387900,59.000000,2,4.181410,55.000000,7,-4.731410,37.000000,8,-7.650167,31.000000,3,-9.871192,26.000000,6,-18.813885,8.000000,,,,,,
1761058004485,00031,5,5,0,0,4,31,11.608101,70.000000,5,4.720755,56.000000,6,1.560010,50.000000,7,-4.814716,37.000000,2,-7.172860,32.000000,8,-11.758034,23.000000,3,-13.513873,19.000000,,,,,,
1761058004485,00054,5,5,0,0,4,54,14.475372,76.000000,6,14.972994,77.000000,2,7.058080,61.000000,5,6.904558,60.000000,7,0.561430,47.000000,3,-7.363359,32.000000,8,-16.907361,12.000000,,,,,,
1761058004585,00034,6,5,0,0,4,34,31.348609,110.000000,3,9.653787,66.000000,7,2.416630,51.000000,2,-1.249191,44.000000,5,-2.433769,41.000000,8,-9.886800,26.000000,6,-19.884313,6.000000,,,,,,
1761058004585,00008,6,5,0,0,4,8,23.336745,93.000000,5,6.815130,60.000000,2,4.494096,55.000000,3,3.885323,54.000000,8,-4.739414,37.000000,7,-10.341249,26.000000,6,-18.498399,9.000000,,,,,,
1761058004585,00031,6,5,0,0,4,31,12.254049,71.000000,5,6.418767,59.000000,6,4.922110,56.000000,7,-0.341111,46.000000,2,-7.989636,30.000000,8,-10.206622,26.000000,3,-12.484493,21.000000,,,,,,
1761058004585,00054,6,5,0,0,4,54,10.233608,67.000000,6,16.419113,79.000000,2,10.875402,68.000000,5,1.067257,49.000000,3,-5.348134,36.000000,7,-7.745316,31.000000,8,-19.296160,7.000000,,,,,,
1761058004585,00040,6,5,0,0,4,40,15.962409,79.000000,2,12.605943,72.000000,8,8.007627,63.000000,5,5.027615,57.000000,7,-4.763747,37.000000,6,-10.891097,24.000000,3,-16.424916,13.000000,,,,,,
1761058004585,00017,6,5,0,0,4,17,22.142681,91.000000,3,16.909836,80.000000,5,4.007892,54.000000,6,-0.868989,45.000000,2,-6.100069,34.000000,7,-8.003905,30.000000,8,-9.391693,27.000000,,,,,,
1761058004685,00034,5,5,0,0,4,34,28.374732,104.000000,3,9.785875,66.000000,7,3.730586,54.000000,2,3.625398,54.000000,5,-1.086626,44.000000,8,-10.929131,24.000000,6,-14.785843,17.000000,,,,,,
1761058004685,00008,5,5,0,0,4,8,21.850122,90.000000,2,9.571901,66.000000,3,5.982936,58.000000,5,5.226359,57.000000,7,-5.782816,35.000000,8,-9.037884,28.000000,6,-23.166248,0.000000,,,,,,
1761058004685,00031,5,5,0,0,4,31,9.355668,65.000000,5,6.117820,59.000000,6,2.604563,52.000000,7,2.075227,51.000000,2,-5.887034,34.000000,8,-6.383724,33.000000,3,-12.221602,22.000000,,,,,,
1761058004685,00040,5,5,0,0,4,40,17.353936,81.000000,5,10.609311,68.000000,2,8.371036,63.000000,8,6.421367,59.000000,7,-5.255012,36.000000,6,-9.803211,27.000000,3,-14.688587,17.000000,,,,,,
1761058004685,00017,5,5,0,0,4,17,23.280749,93.000000,3,19.726843,86.000000,6,1.492364,49.000000,7,-1.341355,44.000000,5,-1.367739,44.000000,8,-6.026145,34.000000,2,-6.293346,34.000000,,,,,,
1761058004785,00034,6,5,0,0,4,34,31.768486,110.000000,3,12.890546,72.000000,7,2.590250,52.000000,2,2.198432,51.000000,5,-4.251832,38.000000,8,-12.568093,21.000000,6,-15.739368,15.000000,,,,,,
1761058004785,00008,6,5,0,0,4,8,24.397641,96.000000,2,7.260409,61.000000,5,6.222960,59.000000,3,5.509192,57.000000,7,-3.733095,39.000000,8,-13.305584,20.000000,6,-16.940080,12.000000,,,,,,
1761058004785,00031,6,5,0,0,4,31,15.662338,78.000000,5,11.327885,69.000000,6,5.635243,58.000000,7,3.457084,53.000000,2,-3.562925,39.000000,8,-3.682101,39.000000,3,-12.435377,21.000000,,,,,,
1761058004785,00040,6,5,0,0,4,40,20.634517,88.000000,5,12.855127,72.000000,2,9.395873,65.000000,8,2.768216,52.000000,7,-2.907948,41.000000,6,-8.851661,29.000000,3,-14.046632,18.000000,,,,,,
1761058004785,00017,6,5,0,0,4,17,24.551055,96.000000,3,12.964530,72.000000,5,-0.432787,45.000000,6,-2.093104,42.000000,7,-3.504472,39.000000,2,-5.378180,36.000000,8,-6.131113,34.000000,,,,,,
1761058004785,00022,6,5,0,0,4,22,8.504022,64.000000,3,8.308325,63.000000,8,4.592966,56.000000,7,1.664240,50.000000,2,-4.238109,38.000000,5,-5.656351,35.000000,6,-9.364547,27.000000,,,,,,
1761058004885,00034,6,6,0,0,4,34,32.502091,112.000000,3,7.375224,61.000000,7,2.117778,51.000000,2,1.136795,49.000000,5,-1.365797,44.000000,8,-13.869795,18.000000,6,-15.598395,15.000000,,,,,,
1761058004885,00008,6,6,0,0,4,8,29.616363,106.000000,2,5.364432,57.000000,5,4.530278,55.000000,3,3.328866,53.000000,7,0.180474,47.000000,8,-11.570892,23.000000,6,-12.650568,21.000000,,,,,,
1761058004885,00031,6,6,0,0,4,31,10.283418,67.000000,5,9.087714,65.000000,6,2.678583,52.000000,7,1.836303,50.000000,8,-6.651257,33.000000,2,-8.473655,29.000000,3,-11.389001,23.000000,,,,,,
1761058004885,00040,6,6,0,0,4,40,18.235116,83.000000,2,8.052502,63.000000,5,7.910295,62.000000,8,3.351642,53.000000,7,-5.837742,35.000000,6,-10.806996,25.000000,3,-13.159708,20.000000,,,,,,
1761058004885,00017,6,6,0,0,4,17,25.121252,97.000000,3,6.323509,59.000000,5,3.310913,53.000000,6,1.293598,49.000000,8,-3.676645,39.000000,7,-5.742415,35.000000,2,-6.168332,34.000000,,,,,,
1761058004885,00022,6,6,0,0,4,22,7.650725,62.000000,3,6.755994,60.000000,8,1.515557,49.000000,5,-1.261053,44.000000,2,-5.723144,35.000000,6,-7.945326,30.000000,7,-9.581713,27.000000,,,,,,
1761058004985,00034,7,6,0,0,4,34,31.407282,110.000000,3,6.975550,60.000000,7,0.359034,47.000000,2,-2.564967,41.000000,5,-3.725061,39.000000,8,-11.869177,22.000000,6,-17.697487,11.000000,,,,,,
1761058004985,00008,7,6,0,0,4,8,25.657250,98.000000,3,9.252449,65.000000,2,7.070570,61.000000,5,5.558062,58.000000,7,-3.739096,39.000000,8,-12.621185,21.000000,6,-15.668003,15.000000,,,,,,
1761058004985,00031,7,6,0,0,4,31,11.133070,69.000000,5,10.627298,68.000000,6,3.002012,52.000000,7,1.524615,49.000000,2,-4.141418,38.000000,8,-6.300140,34.000000,3,-13.129252,20.000000,,,,,,
1761058004985,00040,7,6,0,0,4,40,16.882882,80.000000,5,12.011318,71.000000,2,10.745590,68.000000,8,0.240938,47.000000,6,-5.775919,35.000000,7,-8.125469,30.000000,3,-15.485268,15.000000,,,,,,
1761058004985,00017,7,6,0,0,4,17,27.434432,102.000000,3,8.373948,63.000000,5,3.061074,53.000000,8,0.168676,47.000000,6,-3.776000,39.000000,2,-5.483690,35.000000,7,-6.375372,34.000000,,,,,,
1761058004985,00022,7,6,0,0,4,22,5.301925,57.000000,3,7.423358,61.000000,8,3.135710,53.000000,5,-1.954864,42.000000,6,-7.907419,30.000000,2,-8.636390,29.000000,7,-22.395703,1.000000,,,,,,
1761058004985,00023,7,6,0,0,4,23,3.541391,54.000000,3,5.851349,58.000000,2,-1.125293,44.000000,7,-6.431192,33.000000,8,-6.852891,33.000000,6,-9.803748,27.000000,5,-24.984726,0.000000,,,,,,
1761058005085,00034,6,6,0,0,4,34,29.514594,106.000000,3,4.019813,54.000000,7,0.886463,48.000000,2,-0.442719,45.000000,5,-9.470683,27.000000,8,-9.566018,27.000000,6,-13.784915,19.000000,,,,,,
1761058005085,00008,6,6,0,0,4,8,28.674408,104.000000,2,10.422129,67.000000,3,9.408666,65.000000,5,5.745468,58.000000,7,-5.204650,36.000000,8,-12.329600,22.000000,6,-14.585605,17.000000,,,,,,
1761058005085,00031,6,6,0,0,4,31,6.421606,59.000000,5,8.255406,63.000000,6,2.932014,52.000000,7,0.223020,47.000000,2,-2.712095,41.000000,8,-7.955279,30.000000,3,-15.663960,15.000000,,,,,,
1761058005085,00040,6,6,0,0,4,40,13.626800,74.000000,2,14.988745,77.000000,5,11.829438,70.000000,3,4.202234,55.000000,8,1.952672,50.000000,7,-4.065987,38.000000,6,-9.301651,28.000000,,,,,,
1761058005085,00017,6,6,0,0,4,17,23.528347,94.000000,3,5.424839,57.000000,6,0.918210,48.000000,8,-0.209930,46.000000,5,-0.357665,46.000000,7,-6.449395,33.000000,2,-7.107902,32.000000,,,,,,
1761058005085,00023,6,6,0,0,4,23,6.242692,59.000000,3,5.515918,57.000000,2,-2.105116,42.000000,8,-8.426774,29.000000,7,-9.610181,27.000000,6,-13.006554,20.000000,5,-26.729337,0.000000,,,,,,
1761058005185,00034,6,6,0,0,4,34,29.243241,105.000000,3,3.016923,52.000000,7,-1.011358,44.000000,2,-3.178417,40.000000,5,-8.323754,30.000000,6,-13.780496,19.000000,8,-15.125860,16.000000,,,,,,
1761058005185,00008,6,6,0,0,4,8,26.612685,100.000000,2,12.116332,71.000000,5,6.625801,60.000000,3,2.967514,52.000000,7,-1.311193,44.000000,8,-9.822164,27.000000,6,-12.389131,21.000000,,,,,,
1761058005185,00031,6,6,0,0,4,31,7.315509,61.000000,5,8.723703,64.000000,6,7.982622,62.000000,7,2.322879,51.000000,2,-3.297615,40.000000,8,-11.167659,24.000000,3,-11.676462,23.000000,,,,,,
1761058005185,00040,6,6,0,0,4,40,14.381686,75.000000,2,12.575471,72.000000,5,10.689075,68.000000,8,5.637573,58.000000,6,-9.292049,28.000000,3,-10.431127,25.000000,7,-11.402572,23.000000,,,,,,
1761058005185,00017,6,6,0,0,4,17,23.515496,94.000000,3,11.381358,69.000000,5,0.694910,48.000000,6,0.398116,47.000000,8,-1.212717,44.000000,2,-6.315400,34.000000,7,-6.470280,33.000000,,,,,,
1761058005185,00023,6,6,0,0,4,23,7.964840,62.000000,3,0.508891,47.000000,7,-0.885494,45.000000,2,-1.881950,43.000000,8,-8.952167,28.000000,6,-11.279713,24.000000,5,-19.490915,7.000000,,,,,,
1761058005285,00034,6,6,0,0,4,34,32.782853,112.000000,3,4.792978,56.000000,7,-1.174029,44.000000,5,-5.477800,35.000000,2,-7.788548,31.000000,8,-11.816818,23.000000,6,-14.403885,17.000000,,,,,,
1761058005285,00008,6,6,0,0,4,8,27.830880,102.000000,2,8.744519,64.000000,5,5.881781,58.000000,3,5.194630,57.000000,7,-1.462906,43.000000,8,-9.571204,27.000000,6,-16.166583,14.000000,,,,,,
1761058005285,00031,6,6,0,0,4,31,5.850346,58.000000,6,10.615966,68.000000,5,9.759599,66.000000,7,0.221616,47.000000,2,-5.587154,35.000000,8,-9.042173,28.000000,3,-10.604182,25.000000,,,,,,
1761058005285,00040,6,6,0,0,4,40,12.732461,72.000000,2,12.595690,72.000000,5,11.458367,69.000000,8,4.656466,56.000000,7,-7.525814,31.000000,3,-10.315699,26.000000,6,-12.087219,22.000000,,,,,,
1761058005285,00017,6,6,0,0,4,17,18.907621,84.000000,3,11.347112,69.000000,8,-0.724423,45.000000,5,-1.975466,42.000000,6,-2.989172,40.000000,7,-4.617749,37.000000,2,-6.072726,34.000000,,,,,,
1761058005285,00023,6,6,0,0,4,23,8.198842,63.000000,3,3.549257,54.000000,2,-1.152977,44.000000,7,-4.730109,37.000000,6,-14.490610,17.000000,8,-16.407179,13.000000,5,-19.200637,8.000000,,,,,,
1761058005385,00034,5,5,0,0,4,34,32.012523,111.000000,3,3.398188,53.000000,7,1.449552,49.000000,5,-3.871717,39.000000,2,-4.478199,37.000000,8,-12.583385,21.000000,6,-20.833783,4.000000,,,,,,
1761058005385,00008,5,5,0,0,4,8,26.680130,100.000000,2,11.780545,70.000000,3,9.987106,66.000000,5,8.731293,64.000000,8,-7.115832,32.000000,7,-8.624848,29.000000,6,-10.274847,26.000000,,,,,,
1761058005385,00040,5,5,0,0,4,40,12.691043,72.000000,2,15.366031,77.000000,5,10.156140,67.000000,8,1.332647,49.000000,7,-6.965839,32.000000,6,-11.679021,23.000000,3,-12.580027,21.000000,,,,,,
1761058005385,00017,5,5,0,0,4,17,21.269184,89.000000,3,11.648389,70.000000,8,7.426912,61.000000,6,1.129618,49.000000,2,-4.397065,38.000000,5,-4.712221,37.000000,7,-4.900700,36.000000,,,,,,
1761058005385,00023,5,5,0,0,4,23,7.125054,61.000000,3,3.618986,54.000000,2,-1.795158,43.000000,7,-3.783955,39.000000,6,-16.088111,14.000000,8,-17.660757,11.000000,5,-18.004226,10.000000,,,,,,
1761058005485,00034,5,5,0,0,4,34,28.671408,104.000000,3,4.045922,55.000000,5,-0.307225,46.000000,2,-1.170436,44.000000,7,-3.218763,40.000000,8,-12.724459,21.000000,6,-15.764945,15.000000,,,,,,
1761058005485,00008,5,5,0,0,4,8,27.210922,101.000000,5,10.709956,68.000000,2,9.410168,65.000000,3,2.609263,52.000000,7,-10.010065,26.000000,8,-12.085021,22.000000,6,-16.200337,14.000000,,,,,,
1761058005485,00040,5,5,0,0,4,40,9.028910,65.000000,2,13.772362,74.000000,5,9.475947,65.000000,8,-0.748593,45.000000,7,-6.871349,33.000000,3,-9.201205,28.000000,6,-13.293485,20.000000,,,,,,
1761058005485,00017,5,5,0,0,4,17,17.431330,82.000000,3,10.753174,68.000000,8,10.019038,67.000000,6,-0.563361,45.000000,5,-5.210135,36.000000,7,-8.170298,30.000000,2,-8.328762,30.000000,,,,,,
1761058005485,00023,5,5,0,0,4,23,4.404041,55.000000,3,4.250520,55.000000,7,-4.948723,36.000000,2,-7.200816,32.000000,6,-9.555273,27.000000,5,-16.442182,13.000000,8,-17.922549,10.000000,,,,,,
1761058005585,00034,4,4,0,0,4,34,29.305452,105.000000,3,4.082426,55.000000,2,0.826037,48.000000,7,-2.272309,42.000000,5,-3.750507,39.000000,6,-17.789841,11.000000,8,-18.617134,9.000000,,,,,,
1761058005585,00008,4,4,0,0,4,8,30.158234,107.000000,2,13.446459,73.000000,5,8.033032,63.000000,3,0.343590,47.000000,7,-5.035464,36.000000,8,-8.148388,30.000000,6,-12.170483,22.000000,,,,,,
1761058005585,00017,4,4,0,0,4,17,17.840104,82.000000,3,12.888982,72.000000,8,7.420978,61.000000,5,-2.043802,42.000000,6,-3.677666,39.000000,7,-7.752184,31.000000,2,-10.180523,26.000000,,,,,,
1761058005585,00023,4,4,0,0,4,23,3.682691,54.000000,3,5.704331,58.000000,7,-4.920827,36.000000,2,-6.584858,33.000000,6,-13.651508,19.000000,8,-15.071418,16.000000,5,-17.539783,11.000000,,,,,,
1761058005685,00034,7,5,0,0,4,34,27.085749,101.000000,2,2.683389,52.000000,3,-0.572617,45.000000,5,-3.080789,40.000000,7,-4.084452,38.000000,8,-12.304481,22.000000,6,-16.506633,13.000000,,,,,,
1761058005685,00008,7,5,0,0,4,8,26.829248,100.000000,5,8.351754,63.000000,3,0.531449,47.000000,2,-0.221274,46.000000,7,-3.273257,40.000000,8,-7.815333,31.000000,6,-11.537955,23.000000,,,,,,
1761058005685,00017,7,5,0,0,4,17,22.164145,91.000000,8,11.460758,69.000000,3,10.996880,69.000000,2,-0.705448,45.000000,6,-1.143862,44.000000,7,-8.520328,29.000000,5,-8.832915,29.000000,,,,,,
1761058005685,00023,7,5,0,0,4,23,4.388963,55.000000,3,4.023508,54.000000,7,-8.352417,30.000000,2,-9.012421,28.000000,6,-12.544029,21.000000,8,-15.350169,15.000000,5,-15.809168,14.000000,,,,,,
1761058005685,00063,7,5,0,0,4,63,12.658467,72.000000,5,13.052417,73.000000,3,-1.410053,44.000000,8,-6.654126,33.000000,2,-6.785284,33.000000,6,-12.480997,21.000000,7,-19.289983,7.000000,,,,,,
1761058005685,00031,7,5,0,0,4,31,5.347166,57.000000,5,10.403667,67.000000,6,8.691985,64.000000,7,1.198766,49.000000,2,-5.253305,36.000000,3,-9.854669,26.000000,8,-12.841937,20.000000,,,,,,
1761058005685,00040,7,5,0,0,4,40,13.191016,73.000000,5,10.476594,67.000000,8,-0.031868,46.000000,2,-0.940841,44.000000,7,-5.757405,35.000000,3,-10.825381,25.000000,6,-11.502838,23.000000,,,,,,
1761058005785,00034,7,7,0,0,4,34,32.887276,113.000000,2,3.231736,53.000000,7,0.786019,48.000000,3,-2.292682,42.000000,5,-5.680457,35.000000,8,-18.822916,8.000000,6,-18.841316,8.000000,,,,,,
1761058005785,00008,7,7,0,0,4,8,28.192735,103.000000,5,2.873764,52.000000,3,0.898144,48.000000,2,-3.960525,38.000000,7,-4.715563,37.000000,8,-9.626762,27.000000,6,-11.283965,24.000000,,,,,,
1761058005785,00017,7,7,0,0,4,17,23.809390,94.000000,3,13.038159,73.000000,8,12.634039,72.000000,6,-0.008743,46.000000,2,-3.883225,39.000000,5,-5.612443,35.000000,7,-12.821151,21.000000,,,,,,
1761058005785,00023,7,7,0,0,4,23,5.486859,57.000000,2,9.956236,66.000000,3,2.934364,52.000000,7,-6.920999,32.000000,6,-13.356308,19.000000,8,-14.147713,18.000000,5,-17.091663,12.000000,,,,,,
1761058005785,00063,7,7,0,0,4,63,13.009614,73.000000,5,11.952619,70.000000,2,-0.524137,45.000000,3,-3.770317,39.000000,8,-6.471263,33.000000,6,-11.249161,24.000000,7,-18.128735,10.000000,,,,,,
1761058005785,00031,7,7,0,0,4,31,8.782885,64.000000,6,10.448183,67.000000,5,8.659144,64.000000,7,0.322124,47.000000,2,-5.974854,34.000000,3,-9.985093,26.000000,8,-15.885644,14.000000,,,,,,
1761058005785,00040,7,7,0,0,4,40,11.761834,70.000000,5,12.389866,71.000000,8,-0.570620,45.000000,2,-2.431493,41.000000,7,-4.406928,37.000000,6,-7.071112,32.000000,3,-13.071512,20.000000,,,,,,
1761058005885,00034,6,6,0,0,4,34,33.623940,114.000000,2,5.454827,57.000000,3,-2.286513,42.000000,5,-2.515868,41.000000,7,-2.668178,41.000000,8,-14.055686,18.000000,6,-18.378863,9.000000,,,,,,
1761058005885,00008,6,6,0,0,4,8,24.833458,96.000000,5,3.955628,54.000000,3,-0.816296,45.000000,7,-6.754247,33.000000,2,-6.992014,32.000000,8,-8.871676,28.000000,6,-18.169828,10.000000,,,,,,
1761058005885,00017,6,6,0,0,4,17,19.996275,87.000000,3,18.429254,84.000000,8,12.286630,71.000000,2,-0.401604,46.000000,5,-4.403680,37.000000,6,-6.566420,33.000000,7,-10.664233,25.000000,,,,,,
1761058005885,00063,6,6,0,0,4,63,14.781988,76.000000,5,14.560731,76.000000,2,1.587900,50.000000,6,0.098366,47.000000,3,-6.260397,34.000000,8,-7.147138,32.000000,7,-18.577284,9.000000,,,,,,
1761058005885,00031,6,6,0,0,4,31,1.937836,50.000000,5,8.479205,63.000000,6,6.579599,60.000000,7,0.377613,47.000000,3,-7.679679,31.000000,2,-8.411890,29.000000,8,-11.066063,24.000000,,,,,,
1761058005885,00040,6,6,0,0,4,40,15.536924,78.000000,5,11.341393,69.000000,2,-1.235313,44.000000,8,-2.900836,41.000000,6,-6.052251,34.000000,7,-7.011287,32.000000,3,-14.688871,17.000000,,,,,,
1761058005985,00034,6,6,0,0,4,34,35.308006,118.000000,2,5.180722,57.000000,3,-0.709709,45.000000,5,-2.029216,42.000000,7,-2.295889,42.000000,8,-14.895507,16.000000,6,-14.989060,16.000000,,,,,,
1761058005985,00008,6,6,0,0,4,8,22.415474,92.000000,5,4.850477,56.000000,3,0.420356,47.000000,7,-8.077549,30.000000,2,-9.487369,27.000000,8,-9.518864,27.000000,6,-15.656911,15.000000,,,,,,
1761058005985,00017,6,6,0,0,4,17,20.582604,88.000000,3,14.234241,75.000000,8,13.987980,75.000000,2,-1.985137,42.000000,5,-4.511858,37.000000,6,-5.058363,36.000000,7,-10.661984,25.000000,,,,,,
1761058005985,00063,6,6,0,0,4,63,11.863384,70.000000,5,14.609547,76.000000,2,-0.675158,45.000000,3,-5.451873,35.000000,8,-8.167046,30.000000,6,-11.755574,23.000000,7,-19.781213,6.000000,,,,,,
1761058005985,00031,6,6,0,0,4,31,5.512606,57.000000,5,4.294951,55.000000,6,2.748561,52.000000,7,-0.754054,45.000000,2,-6.068392,34.000000,8,-8.798497,29.000000,3,-9.990796,26.000000,,,,,,
1761058005985,00040,6,6,0,0,4,40,11.151637,69.000000,5,8.871899,64.000000,8,2.361006,51.000000,7,-1.776502,43.000000,2,-3.040448,40.000000,6,-9.920760,26.000000,3,-12.506517,21.000000,,,,,,
1761058006085,00034,6,6,0,0,4,34,22.293686,91.000000,2,5.584413,58.000000,7,-0.340082,46.000000,5,-1.447724,43.000000,3,-5.709569,35.000000,6,-17.876265,10.000000,8,-19.462510,7.000000,,,,,,
1761058006085,00008,6,6,0,0,4,8,17.746380,82.000000,5,4.846547,56.000000,3,0.715009,48.000000,8,-10.478206,25.000000,7,-11.594330,23.000000,2,-11.750167,23.000000,6,-12.015344,22.000000,,,,,,
1761058006085,00017,6,6,0,0,4,17,17.965018,83.000000,3,14.949670,77.000000,2,0.073644,47.000000,6,-2.007023,42.000000,5,-2.075129,42.000000,8,-2.885191,41.000000,7,-6.360074,34.000000,,,,,,
1761058006085,00063,6,6,0,0,4,63,12.753042,72.000000,5,14.577788,76.000000,2,-2.185123,42.000000,6,-7.419141,31.000000,8,-8.514791,29.000000,3,-9.089402,28.000000,7,-17.855266,10.000000,,,,,,
1761058006085,00031,6,6,0,0,4,31,4.816428,56.000000,5,9.588347,66.000000,6,7.339214,61.000000,7,-1.833201,43.000000,8,-8.180486,30.000000,3,-8.598191,29.000000,2,-9.869516,26.000000,,,,,,
1761058006085,00040,6,6,0,0,4,40,18.543223,84.000000,5,6.092686,59.000000,2,-1.995609,42.000000,8,-2.370810,42.000000,7,-4.207190,38.000000,6,-9.984172,26.000000,3,-13.883060,18.000000,,,,,,
1761058006185,00034,5,5,0,0,4,34,31.399729,110.000000,2,6.476744,59.000000,5,-2.508283,41.000000,7,-2.741160,41.000000,3,-4.921609,36.000000,6,-16.212756,14.000000,8,-22.972036,0.000000,,,,,,
1761058006185,00008,5,5,0,0,4,8,22.513208,92.000000,5,4.191445,55.000000,3,-2.240970,42.000000,8,-8.591119,29.000000,2,-9.681992,27.000000,7,-10.778596,25.000000,6,-14.465076,17.000000,,,,,,
1761058006185,00017,5,5,0,0,4,17,17.726954,82.000000,3,17.627834,82.000000,5,1.681943,50.000000,2,-2.642132,41.000000,8,-5.254809,36.000000,6,-6.633955,33.000000,7,-7.504233,31.000000,,,,,,
1761058006185,00031,5,5,0,0,4,31,8.976140,64.000000,6,8.635584,64.000000,5,4.334119,55.000000,7,0.244556,47.000000,8,-7.724186,31.000000,2,-11.702730,23.000000,3,-12.191858,22.000000,,,,,,
1761058006185,00040,5,5,0,0,4,40,16.065032,79.000000,5,8.110368,63.000000,7,-1.682766,43.000000,2,-5.754543,35.000000,8,-7.148882,32.000000,6,-11.992237,22.000000,3,-16.992119,12.000000,,,,,,
1761058006285,00034,5,5,0,0,4,34,31.089760,109.000000,2,5.722044,58.000000,3,-2.505447,41.000000,5,-6.851791,33.000000,7,-7.212632,32.000000,6,-15.835281,14.000000,8,-23.992631,0.000000,,,,,,
1761058006285,00008,5,5,0,0,4,8,20.377976,87.000000,5,4.225082,55.000000,3,-3.620078,39.000000,2,-5.612495,35.000000,7,-8.703399,29.000000,8,-9.481855,27.000000,6,-12.233587,22.000000,,,,,,
1761058006285,00017,5,5,0,0,4,17,17.591474,82.000000,3,10.664275,68.000000,2,0.656343,48.000000,8,-4.693585,37.000000,5,-5.497371,35.000000,6,-6.136609,34.000000,7,-7.102442,32.000000,,,,,,
1761058006285,00031,5,5,0,0,4,31,7.826580,62.000000,6,8.462825,63.000000,5,3.152260,53.000000,7,-2.384788,42.000000,8,-6.198192,34.000000,2,-7.225935,32.000000,3,-15.262460,16.000000,,,,,,
1761058006285,00040,5,5,0,0,4,40,23.086135,93.000000,5,10.677754,68.000000,2,-3.525432,39.000000,7,-4.991135,36.000000,8,-6.724428,33.000000,6,-10.934809,24.000000,3,-15.262768,16.000000,,,,,,
1761058006385,00034,6,5,0,0,4,34,31.129541,109.000000,2,7.653632,62.000000,7,-4.518901,37.000000,5,-6.940761,32.000000,3,-8.118626,30.000000,6,-17.755689,11.000000,8,-19.439095,7.000000,,,,,,
1761058006385,00008,6,5,0,0,4,8,23.228059,93.000000,5,7.192587,61.000000,3,1.325074,49.000000,2,-4.179932,38.000000,8,-8.782003,29.000000,7,-13.484309,19.000000,6,-15.305403,16.000000,,,,,,
1761058006385,00017,6,5,0,0,4,17,11.395302,69.000000,3,13.653879,74.000000,8,-2.267154,42.000000,6,-2.872414,41.000000,2,-4.079661,38.000000,5,-4.521354,37.000000,7,-9.185656,28.000000,,,,,,
1761058006385,00031,6,5,0,0,4,31,10.113182,67.000000,5,15.482016,78.000000,6,10.734244,68.000000,7,-3.611993,39.000000,8,-9.017027,28.000000,2,-11.552207,23.000000,3,-15.753819,15.000000,,,,,,
1761058006385,00040,6,5,0,0,4,40,20.982119,89.000000,5,11.681678,70.000000,8,-0.693416,45.000000,7,-1.825699,43.000000,2,-5.076418,36.000000,3,-10.929858,24.000000,6,-14.569070,17.000000,,,,,,
1761058006385,00063,6,5,0,0,4,63,15.496523,78.000000,5,8.068657,63.000000,2,0.422668,47.000000,3,-11.246257,24.000000,8,-13.099791,20.000000,6,-13.916919,18.000000,7,-19.974421,6.000000,,,,,,
1761058006485,00034,5,5,0,0,4,34,30.780986,108.000000,2,6.685023,60.000000,7,-5.811112,35.000000,3,-7.633997,31.000000,5,-8.005532,30.000000,6,-14.385451,17.000000,8,-19.642623,7.000000,,,,,,
1761058006485,00008,5,5,0,0,4,8,17.624976,82.000000,5,6.269056,59.000000,3,-1.671229,43.000000,2,-3.566638,39.000000,8,-7.750117,31.000000,7,-10.191169,26.000000,6,-16.222974,14.000000,,,,,,
1761058006485,00017,5,5,0,0,4,17,9.674312,66.000000,3,11.565729,70.000000,2,-0.880970,45.000000,8,-1.906254,43.000000,6,-4.255920,38.000000,5,-5.688412,35.000000,7,-9.388003,27.000000,,,,,,
1761058006485,00040,5,5,0,0,4,40,23.357185,93.000000,5,8.300648,63.000000,8,-1.674646,43.000000,7,-5.052588,36.000000,2,-5.832462,35.000000,6,-11.675560,23.000000,3,-16.539384,13.000000,,,,,,
1761058006485,00063,5,5,0,0,4,63,15.036237,77.000000,5,7.841969,62.000000,2,4.939092,56.000000,3,-10.150757,26.000000,6,-11.024457,24.000000,8,-12.481035,21.000000,7,-25.670790,0.000000,,,,,,
1761058006585,00034,5,5,0,0,4,34,33.415749,114.000000,2,5.607038,58.000000,5,-3.202970,40.000000,7,-4.581202,37.000000,3,-7.218872,32.000000,6,-16.291053,14.000000,8,-18.075572,10.000000,,,,,,
1761058006585,00008,5,5,0,0,4,8,17.197266,81.000000,5,5.043191,57.000000,2,1.574479,50.000000,3,0.827162,48.000000,8,-7.597696,31.000000,6,-13.122470,20.000000,7,-15.384556,15.000000,,,,,,
1761058006585,00040,5,5,0,0,4,40,25.055054,97.000000,5,2.315832,51.000000,8,-2.888398,41.000000,7,-4.950819,36.000000,2,-7.233784,32.000000,6,-9.016597,28.000000,3,-16.923337,12.000000,,,,,,
1761058006585,00063,5,5,0,0,4,63,14.513275,76.000000,5,7.126185,61.000000,2,3.458971,53.000000,6,-14.388999,17.000000,3,-14.980339,16.000000,8,-16.710700,13.000000,7,-22.394662,1.000000,,,,,,
1761058006585,00053,5,5,0,0,4,53,20.529648,88.000000,3,5.823847,58.000000,2,3.279926,53.000000,6,0.659933,48.000000,7,-0.754281,45.000000,8,-1.965583,42.000000,5,-14.992592,16.000000,,,,,,
1761058006685,00034,5,5,0,0,4,34,36.962545,121.000000,2,3.195521,53.000000,5,-4.187906,38.000000,7,-4.859812,37.000000,3,-5.273491,36.000000,6,-15.252708,16.000000,8,-17.780698,11.000000,,,,,,
1761058006685,00008,5,5,0,0,4,8,13.533032,74.000000,5,7.486436,61.000000,2,4.500317,55.000000,3,1.138441,49.000000,8,-6.225969,34.000000,6,-12.319226,22.000000,7,-12.407285,21.000000,,,,,,
1761058006685,00040,5,5,0,0,4,40,23.448900,94.000000,5,6.672947,60.000000,8,-0.548536,45.000000,7,-3.397591,40.000000,2,-3.749400,39.000000,6,-9.675739,27.000000,3,-14.527576,17.000000,,,,,,
1761058006685,00063,5,5,0,0,4,63,11.982147,71.000000,5,10.019587,67.000000,2,5.026680,56.000000,3,3.844312,54.000000,8,-12.801596,21.000000,6,-17.688009,11.000000,7,-22.043338,2.000000,,,,,,
1761058006685,00053,5,5,0,0,4,53,16.462283,80.000000,2,3.355089,53.000000,3,1.957026,50.000000,6,-2.841223,41.000000,7,-3.045065,40.000000,8,-4.445193,37.000000,5,-15.927958,14.000000,,,,,,
1761058006785,00034,5,5,0,0,4,34,34.376561,116.000000,2,4.618319,56.000000,5,-5.627311,35.000000,7,-6.634574,33.000000,3,-9.725204,27.000000,8,-17.029471,12.000000,6,-18.878628,8.000000,,,,,,
1761058006785,00008,5,5,0,0,4,8,13.530494,74.000000,3,5.671642,58.000000,5,2.900858,52.000000,2,1.270892,49.000000,8,-11.623462,23.000000,7,-12.947283,20.000000,6,-14.367127,17.000000,,,,,,
1761058006785,00040,5,5,0,0,4,40,23.318165,93.000000,5,7.771376,62.000000,8,-0.199875,46.000000,7,-3.074386,40.000000,2,-5.618900,35.000000,6,-6.677111,33.000000,3,-10.196235,26.000000,,,,,,
1761058006785,00063,5,5,0,0,4,63,15.084586,77.000000,5,9.687106,66.000000,2,-2.259567,42.000000,3,-7.596699,31.000000,8,-13.526252,19.000000,7,-16.049179,14.000000,6,-19.514297,7.000000,,,,,,
1761058006785,00053,5,5,0,0,4,53,15.696119,78.000000,3,7.000197,60.000000,8,5.198735,57.000000,2,4.243764,55.000000,7,1.075377,49.000000,6,-4.758840,37.000000,5,-12.720052,21.000000,,,,,,
1761058006885,00034,5,5,0,0,4,34,25.427747,98.000000,2,2.037340,50.000000,5,-2.118065,42.000000,7,-8.818778,29.000000,3,-9.043423,28.000000,8,-20.220802,6.000000,6,-21.507210,3.000000,,,,,,
1761058006885,00008,5,5,0,0,4,8,15.184369,77.000000,5,5.315104,57.000000,3,3.571182,54.000000,2,0.379505,47.000000,8,-8.011958,30.000000,7,-12.728167,21.000000,6,-14.344126,17.000000,,,,,,
1761058006885,00040,5,5,0,0,4,40,26.539757,100.000000,5,6.223672,59.000000,8,0.128870,47.000000,7,-3.261823,40.000000,2,-5.409891,35.000000,6,-5.836929,35.000000,3,-12.107827,22.000000,,,,,,
1761058006885,00063,5,5,0,0,4,63,9.031541,65.000000,5,9.278769,65.000000,2,0.157728,47.000000,7,-6.242586,34.000000,3,-7.960926,30.000000,8,-16.631678,13.000000,6,-24.105127,0.000000,,,,,,
1761058006885,00053,5,5,0,0,4,53,18.667955,84.000000,2,5.700811,58.000000,3,2.715582,52.000000,8,1.940329,50.000000,7,1.109028,49.000000,6,-4.779188,37.000000,5,-12.283725,22.000000,,,,,,
1761058006985,00034,5,5,0,0,4,34,28.326001,103.000000,2,7.732713,62.000000,5,-2.879537,41.000000,7,-4.946054,36.000000,3,-8.919740,28.000000,8,-20.936435,4.000000,6,-22.062633,2.000000,,,,,,
1761058006985,00008,5,5,0,0,4,8,16.499825,80.000000,5,3.789335,54.000000,3,1.050338,48.000000,2,-0.107297,46.000000,8,-7.041327,32.000000,6,-11.331586,24.000000,7,-15.711943,15.000000,,,,,,
1761058006985,00040,5,5,0,0,4,40,26.881728,101.000000,5,8.635774,64.000000,8,0.641579,48.000000,2,-2.535805,41.000000,7,-4.635713,37.000000,3,-8.995420,28.000000,6,-9.530857,27.000000,,,,,,
1761058006985,00063,5,5,0,0,4,63,28.389335,104.000000,5,3.790358,54.000000,2,1.169096,49.000000,7,-2.003182,42.000000,3,-5.344262,36.000000,8,-17.706029,11.000000,6,-18.448385,9.000000,,,,,,
1761058006985,00053,5,5,0,0,4,53,17.096870,81.000000,2,4.266824,55.000000,7,3.857832,54.000000,3,1.165021,49.000000,8,0.164076,47.000000,6,-3.808950,39.000000,5,-14.747104,17.000000,,,,,,
1761058007085,00034,5,5,0,0,4,34,27.572233,102.000000,2,4.504292,55.000000,5,-0.375005,46.000000,7,-6.895113,32.000000,3,-10.092338,26.000000,6,-13.593979,19.000000,8,-17.366618,11.000000,,,,,,
1761058007085,00008,5,5,0,0,4,8,19.409702,85.000000,5,9.056982,65.000000,3,4.678092,56.000000,2,0.192729,47.000000,8,-8.339574,30.000000,7,-10.951203,24.000000,6,-12.425155,21.000000,,,,,,
1761058007085,00040,5,5,0,0,4,40,23.612777,94.000000,5,5.011990,56.000000,8,2.348710,51.000000,2,1.705857,50.000000,7,-4.061190,38.000000,6,-6.971078,32.000000,3,-7.733322,31.000000,,,,,,
1761058007085,00063,5,5,0,0,4,63,21.564969,90.000000,5,3.036063,52.000000,7,1.299946,49.000000,6,0.364985,47.000000,2,0.069853,47.000000,3,-6.770543,33.000000,8,-9.092789,28.000000,,,,,,
1761058007085,00053,5,5,0,0,4,53,22.707994,92.000000,2,6.911421,60.000000,7,5.113789,57.000000,3,2.590312,52.000000,8,-1.846605,43.000000,6,-2.246690,42.000000,5,-15.697445,15.000000,,,,,,
1761058007185,00034,5,5,0,0,4,34,26.345572,99.000000,5,3.712620,54.000000,2,2.431551,51.000000,7,-4.395625,38.000000,3,-11.398118,23.000000,8,-15.328417,15.000000,6,-18.200631,10.000000,,,,,,
1761058007185,00008,5,5,0,0,4,8,19.431489,86.000000,5,5.208958,57.000000,3,5.193253,57.000000,2,-4.655257,37.000000,8,-5.908005,34.000000,6,-9.671987,27.000000,7,-10.491885,25.000000,,,,,,
1761058007185,00040,5,5,0,0,4,40,20.273932,87.000000,2,17.119295,81.000000,8,2.370647,51.000000,5,2.020969,50.000000,7,-9.174461,28.000000,6,-12.283486,22.000000,3,-12.384386,21.000000,,,,,,
1761058007185,00063,5,5,0,0,4,63,16.811445,80.000000,5,9.404839,65.000000,2,5.613233,58.000000,7,-2.185058,42.000000,3,-5.809838,35.000000,6,-7.551269,31.000000,8,-10.806548,25.000000,,,,,,
1761058007185,00053,5,5,0,0,4,53,20.864331,88.000000,3,5.819453,58.000000,2,4.440090,55.000000,7,-0.395184,46.000000,6,-1.868304,43.000000,8,-5.961597,34.000000,5,-15.757906,15.000000,,,,,,
1761058007285,00034,5,5,0,0,4,34,28.036986,103.000000,5,3.000724,52.000000,2,1.188571,49.000000,7,-1.671117,43.000000,3,-11.482383,23.000000,8,-13.656876,19.000000,6,-15.012312,16.000000,,,,,,
1761058007285,00008,5,5,0,0,4,8,18.282448,83.000000,3,8.327087,63.000000,5,5.291757,57.000000,8,-3.213283,40.000000,2,-8.642361,29.000000,7,-11.592935,23.000000,6,-13.065563,20.000000,,,,,,
1761058007285,00040,5,5,0,0,4,40,16.176589,79.000000,2,16.402829,79.000000,5,7.623072,62.000000,8,-5.312947,36.000000,3,-7.766511,31.000000,7,-8.415958,29.000000,6,-10.415540,25.000000,,,,,,
1761058007285,00063,5,5,0,0,4,63,23.816169,94.000000,5,6.391998,59.000000,2,1.870653,50.000000,7,-2.618678,41.000000,3,-6.836205,33.000000,6,-7.942531,30.000000,8,-9.952988,26.000000,,,,,,
1761058007285,00053,5,5,0,0,4,53,23.316553,93.000000,3,9.828894,66.000000,2,2.650962,52.000000,7,1.634730,50.000000,6,-3.416825,39.000000,8,-3.552537,39.000000,5,-17.493084,11.000000,,,,,,
1761058007385,00034,6,5,0,0,4,34,31.345488,110.000000,5,5.387890,57.000000,2,-2.178529,42.000000,7,-3.827569,39.000000,6,-12.092882,22.000000,3,-13.050062,20.000000,8,-16.012318,14.000000,,,,,,
1761058007385,00008,6,5,0,0,4,8,16.708811,80.000000,5,5.687554,58.000000,3,5.221248,57.000000,8,-4.496465,37.000000,2,-6.427780,33.000000,6,-7.615226,31.000000,7,-10.925158,24.000000,,,,,,
1761058007385,00040,6,5,0,0,4,40,13.396240,73.000000,2,17.679352,82.000000,5,5.826726,58.000000,8,-3.566942,39.000000,7,-8.328340,30.000000,6,-10.380149,25.000000,3,-12.364642,21.000000,,,,,,
1761058007385,00063,6,5,0,0,4,63,22.065778,91.000000,5,2.217812,51.000000,7,-0.652373,45.000000,6,-3.683401,39.000000,2,-4.943385,36.000000,3,-7.487034,31.000000,8,-11.571930,23.000000,,,,,,
1761058007385,00053,6,5,0,0,4,53,25.910225,99.000000,3,10.547342,68.000000,2,5.317423,57.000000,7,0.842326,48.000000,6,-3.713000,39.000000,8,-4.511224,37.000000,5,-12.503867,21.000000,,,,,,
1761058007385,00025,6,5,0,0,4,25,6.426969,59.000000,7,-1.688065,43.000000,8,-3.207796,40.000000,2,-4.817914,37.000000,3,-4.864795,37.000000,6,-8.549067,29.000000,5,-12.048011,22.000000,,,,,,
1761058007485,00034,6,6,0,0,4,34,27.463747,102.000000,5,7.828332,62.000000,2,5.093467,57.000000,7,-5.518585,35.000000,3,-9.439202,27.000000,8,-16.190818,14.000000,6,-17.705234,11.000000,,,,,,
1761058007485,00008,6,6,0,0,4,8,19.007263,85.000000,5,5.152527,57.000000,3,1.982464,50.000000,8,-5.751221,35.000000,2,-9.092958,28.000000,6,-9.159880,28.000000,7,-10.852637,24.000000,,,,,,
1761058007485,00040,6,6,0,0,4,40,11.463094,69.000000,5,5.877282,58.000000,2,1.623141,50.000000,8,-3.559392,39.000000,3,-4.875166,37.000000,7,-9.923109,26.000000,6,-14.954506,16.000000,,,,,,
1761058007485,00063,6,6,0,0,4,63,18.536583,84.000000,5,1.137497,49.000000,3,-2.289559,42.000000,2,-3.528582,39.000000,7,-7.426378,31.000000,6,-7.588966,31.000000,8,-9.855745,26.000000,,,,,,
1761058007485,00053,6,6,0,0,4,53,23.732026,94.000000,3,8.408297,63.000000,2,5.582622,58.000000,7,4.201498,55.000000,6,-5.417407,35.000000,8,-7.113347,32.000000,5,-16.063668,14.000000,,,,,,
1761058007485,00025,6,6,0,0,4,25,6.086244,59.000000,2,-5.456158,35.000000,7,-6.935763,32.000000,3,-7.216799,32.000000,8,-7.426742,31.000000,6,-9.149185,28.000000,5,-16.031545,14.000000,,,,,,
1761058007585,00034,7,6,0,0,4,34,28.660862,104.000000,5,8.207097,63.000000,7,-2.073555,42.000000,2,-2.697065,41.000000,3,-9.556361,27.000000,8,-13.537544,19.000000,6,-14.009442,18.000000,,,,,,
1761058007585,00008,7,6,0,0,4,8,18.289611,83.000000,5,7.304906,61.000000,3,4.134626,55.000000,2,-4.480072,37.000000,8,-6.402904,33.000000,6,-9.506563,27.000000,7,-10.681633,25.000000,,,,,,
1761058007585,00040,7,6,0,0,4,40,16.834161,80.000000,5,7.433862,61.000000,8,0.081238,47.000000,2,0.067519,47.000000,3,-5.081080,36.000000,7,-5.248630,36.000000,6,-14.760709,17.000000,,,,,,
1761058007585,00063,7,6,0,0,4,63,17.590429,82.000000,2,2.852423,52.000000,5,2.062226,51.000000,3,-3.242066,40.000000,6,-10.983964,24.000000,8,-11.884442,22.000000,7,-13.859102,18.000000,,,,,,
1761058007585,00053,7,6,0,0,4,53,22.630785,92.000000,3,7.544763,62.000000,7,3.650782,54.000000,8,0.718583,48.000000,2,0.687794,48.000000,6,-2.202485,42.000000,5,-19.010641,8.000000,,,,,,
1761058007585,00025,7,6,0,0,4,25,5.639786,58.000000,7,-4.775103,37.000000,2,-5.582900,35.000000,3,-6.085471,34.000000,6,-7.676358,31.000000,8,-8.640147,29.000000,5,-13.036756,20.000000,,,,,,
1761058007585,00032,7,6,0,0,4,32,5.093750,57.000000,2,6.656748,60.000000,5,5.052847,57.000000,3,3.562359,54.000000,6,1.814626,50.000000,8,1.428948,49.000000,7,-10.906055,24.000000,,,,,,
1761058007685,00034,7,7,0,0,4,34,27.000290,101.000000,5,10.952306,68.000000,2,0.724437,48.000000,7,-5.049994,36.000000,3,-9.992970,26.000000,8,-10.692414,25.000000,6,-11.551689,23.000000,,,,,,
1761058007685,00008,7,7,0,0,4,8,17.658033,82.000000,3,3.664153,54.000000,5,2.744356,52.000000,2,-1.915151,43.000000,7,-4.826104,37.000000,8,-6.770711,33.000000,6,-10.836199,25.000000,,,,,,
1761058007685,00040,7,7,0,0,4,40,17.779134,82.000000,5,10.006307,67.000000,2,2.103240,51.000000,8,0.543406,47.000000,3,-4.150798,38.000000,7,-5.123239,36.000000,6,-13.923131,18.000000,,,,,,
1761058007685,00063,7,7,0,0,4,63,18.021995,83.000000,5,3.785545,54.000000,2,1.118042,49.000000,3,-1.986697,42.000000,7,-3.655774,39.000000,6,-8.175908,30.000000,8,-16.131257,14.000000,,,,,,
1761058007685,00053,7,7,0,0,4,53,18.238271,83.000000,3,6.035885,59.000000,7,3.369884,53.000000,2,-0.654370,45.000000,6,-3.283341,40.000000,8,-4.101348,38.000000,5,-13.517448,19.000000,,,,,,
1761058007685,00025,7,7,0,0,4,25,1.767696,50.000000,7,-1.917100,43.000000,2,-3.390017,40.000000,3,-5.156877,36.000000,8,-5.197339,36.000000,5,-10.021379,26.000000,6,-11.418665,23.000000,,,,,,
1761058007685,00032,7,7,0,0,4,32,6.186959,59.000000,3,6.985435,60.000000,2,5.252718,57.000000,8,1.988547,50.000000,6,0.629977,48.000000,5,-0.444460,45.000000,7,-5.045101,36.000000,,,,,,
1761058007785,00034,7,7,0,0,4,34,17.580012,82.000000,5,9.121397,65.000000,2,-1.278980,44.000000,8,-5.037792,36.000000,7,-5.889667,34.000000,3,-6.532670,33.000000,6,-14.843336,16.000000,,,,,,
1761058007785,00008,7,7,0,0,4,8,16.888490,80.000000,3,9.525506,66.000000,5,5.276420,57.000000,2,-3.393954,40.000000,8,-4.841647,37.000000,7,-11.322222,24.000000,6,-12.601916,21.000000,,,,,,
1761058007785,00040,7,7,0,0,4,40,18.228692,83.000000,5,7.456953,61.000000,8,1.475493,49.000000,3,0.533539,47.000000,2,-1.845963,43.000000,7,-6.657619,33.000000,6,-12.971393,20.000000,,,,,,
1761058007785,00063,7,7,0,0,4,63,16.728358,80.000000,5,5.672770,58.000000,7,3.282579,53.000000,2,0.154253,47.000000,3,-4.621370,37.000000,6,-10.349393,26.000000,8,-12.487341,21.000000,,,,,,
1761058007785,00053,7,7,0,0,4,53,18.229860,83.000000,2,5.501765,57.000000,3,5.086928,57.000000,7,0.704517,48.000000,8,-1.760487,43.000000,6,-3.691365,39.000000,5,-13.471671,19.000000,,,,,,
1761058007785,00025,7,7,0,0,4,25,1.660596,50.000000,3,-2.465627,41.000000,8,-2.863759,41.000000,7,-4.842822,37.000000,2,-6.419322,33.000000,5,-11.647813,23.000000,6,-12.470495,21.000000,,,,,,
1761058007785,00032,7,7,0,0,4,32,6.805802,60.000000,3,9.805887,66.000000,2,5.272464,57.000000,5,-0.226882,46.000000,8,-0.438044,45.000000,6,-1.422012,43.000000,7,-3.547989,39.000000,,,,,,
1761058007885,00034,7,7,0,0,4,34,27.731345,102.000000,5,7.215519,61.000000,2,1.407788,49.000000,7,-0.314851,46.000000,8,-4.072381,38.000000,3,-9.974217,26.000000,6,-12.383956,21.000000,,,,,,
1761058007885,00008,7,7,0,0,4,8,20.246867,87.000000,3,4.160726,55.000000,5,2.810948,52.000000,2,-1.610896,43.000000,8,-7.598506,31.000000,6,-10.175668,26.000000,7,-10.570905,25.000000,,,,,,
1761058007885,00040,7,7,0,0,4,40,14.971652,77.000000,5,10.305195,67.000000,2,0.644309,48.000000,3,0.530857,47.000000,8,-3.525178,39.000000,7,-6.637179,33.000000,6,-8.265443,30.000000,,,,,,
1761058007885,00063,7,7,0,0,4,63,16.842313,80.000000,2,6.680443,60.000000,5,4.882502,56.000000,3,0.141388,47.000000,7,-0.877387,45.000000,6,-9.963372,26.000000,8,-13.228252,20.000000,,,,,,
1761058007885,00053,7,7,0,0,4,53,19.429606,86.000000,2,10.065939,67.000000,3,6.267712,59.000000,7,3.451650,53.000000,6,0.608743,48.000000,8,-7.570514,31.000000,5,-11.831985,23.000000,,,,,,
1761058007885,00025,7,7,0,0,4,25,3.374046,53.000000,8,-3.681821,39.000000,7,-5.334581,36.000000,3,-6.366936,34.000000,6,-7.275447,32.000000,2,-7.331450,32.000000,5,-12.281322,22.000000,,,,,,
1761058007885,00032,7,7,0,0,4,32,11.111868,69.000000,3,5.767950,58.000000,2,2.535492,51.000000,8,0.627263,48.000000,5,0.006167,46.000000,6,-0.346235,46.000000,7,-3.736657,39.000000,,,,,,
1761058007985,00034,7,7,0,0,4,34,9.641544,66.000000,5,3.869244,54.000000,2,-1.477878,43.000000,7,-4.147428,38.000000,8,-4.177363,38.000000,3,-6.226752,34.000000,6,-12.877078,20.000000,,,,,,
1761058007985,00008,7,7,0,0,4,8,18.880406,84.000000,3,8.096932,63.000000,5,5.713375,58.000000,2,-0.160594,46.000000,8,-6.404572,33.000000,6,-10.211496,26.000000,7,-10.523347,25.000000,,,,,,
1761058007985,00040,7,7,0,0,4,40,16.615289,80.000000,5,11.296054,69.000000,2,1.523794,49.000000,3,-1.120276,44.000000,8,-1.557907,43.000000,6,-4.396258,38.000000,7,-10.025043,26.000000,,,,,,
1761058007985,00063,7,7,0,0,4,63,18.399064,83.000000,2,5.951949,58.000000,5,4.291748,55.000000,7,3.190906,53.000000,3,1.215024,49.000000,6,-12.087409,22.000000,8,-13.390918,19.000000,,,,,,
1761058007985,00053,7,7,0,0,4,53,25.041539,97.000000,2,10.431905,67.000000,3,4.283514,55.000000,7,1.537002,49.000000,6,1.222380,49.000000,8,-4.697371,37.000000,5,-14.977344,16.000000,,,,,,
1761058007985,00025,7,7,0,0,4,25,2.060184,51.000000,7,5.269323,57.000000,2,-2.565886,41.000000,3,-2.977563,40.000000,8,-5.280634,36.000000,6,-6.861290,33.000000,5,-14.255827,18.000000,,,,,,
1761058007985,00032,7,7,0,0,4,32,10.489624,68.000000,2,8.050528,63.000000,3,6.511814,59.000000,5,4.642369,56.000000,6,3.777295,54.000000,8,-1.929642,42.000000,7,-4.432490,37.000000,,,,,,
1761058008085,00034,7,7,0,0,4,34,4.830225,56.000000,5,1.323405,49.000000,2,-2.424961,41.000000,7,-4.893437,37.000000,3,-5.176947,36.000000,8,-9.673818,27.000000,6,-17.016346,12.000000,,,,,,
1761058008085,00008,7,7,0,0,4,8,19.860943,86.000000,5,9.710202,66.000000,3,7.242941,61.000000,2,3.044415,53.000000,8,-4.247612,38.000000,7,-6.886292,32.000000,6,-10.284092,26.000000,,,,,,
1761058008085,00040,7,7,0,0,4,40,13.121878,73.000000,5,13.817136,74.000000,2,1.484547,49.000000,3,-0.555374,45.000000,6,-2.582104,41.000000,8,-4.988036,36.000000,7,-12.971512,20.000000,,,,,,
1761058008085,00063,7,7,0,0,4,63,18.724987,84.000000,5,10.618940,68.000000,2,7.531274,62.000000,7,1.761921,50.000000,3,0.452518,47.000000,8,-15.210893,16.000000,6,-15.715515,15.000000,,,,,,
1761058008085,00053,7,7,0,0,4,53,21.443925,90.000000,2,9.676404,66.000000,3,6.890733,60.000000,6,1.443910,49.000000,7,0.777896,48.000000,8,-2.413359,42.000000,5,-8.343299,30.000000,,,,,,
1761058008085,00025,7,7,0,0,4,25,3.184824,53.000000,2,7.175035,61.000000,7,-1.054343,44.000000,8,-2.636608,41.000000,3,-6.079118,34.000000,6,-8.561687,29.000000,5,-12.284862,22.000000,,,,,,
1761058008085,00032,7,7,0,0,4,32,12.439344,71.000000,2,7.598217,62.000000,3,7.569694,62.000000,5,5.690802,58.000000,6,2.681218,52.000000,8,-3.411073,39.000000,7,-8.887455,28.000000,,,,,,
1761058008185,00034,6,6,0,0,4,34,3.800249,54.000000,5,6.733196,60.000000,2,-1.283996,44.000000,3,-4.498691,37.000000,8,-7.600847,31.000000,7,-15.477041,15.000000,6,-15.791135,15.000000,,,,,,
1761058008185,00008,6,6,0,0,4,8,19.478577,86.000000,5,11.982920,71.000000,3,9.144641,65.000000,2,-2.812854,41.000000,8,-4.609955,37.000000,7,-10.025930,26.000000,6,-12.298523,22.000000,,,,,,
1761058008185,00040,6,6,0,0,4,40,14.551477,76.000000,5,15.300913,77.000000,3,0.370931,47.000000,2,0.128046,47.000000,6,-1.877816,43.000000,8,-5.903379,34.000000,7,-11.624338,23.000000,,,,,,
1761058008185,00063,6,6,0,0,4,63,19.321707,85.000000,2,5.882772,58.000000,5,5.771189,58.000000,7,4.395304,55.000000,3,0.083510,47.000000,6,-10.138626,26.000000,8,-14.616105,17.000000,,,,,,
1761058008185,00053,6,6,0,0,4,53,26.028330,99.000000,3,24.787213,96.000000,2,3.350111,53.000000,6,2.963151,52.000000,7,-1.098061,44.000000,8,-3.775988,39.000000,5,-4.780122,37.000000,,,,,,
1761058008185,00032,6,6,0,0,4,32,15.954191,79.000000,5,8.083172,63.000000,2,6.300577,59.000000,3,5.280599,57.000000,6,3.870380,54.000000,8,-1.104151,44.000000,7,-6.569209,33.000000,,,,,,
1761058008285,00008,5,5,0,0,4,8,11.698058,70.000000,5,8.676178,64.000000,3,8.092531,63.000000,2,1.256586,49.000000,8,-2.673107,41.000000,7,-12.053958,22.000000,6,-15.530246,15.000000,,,,,,
1761058008285,00040,5,5,0,0,4,40,16.072496,79.000000,5,14.619159,76.000000,8,0.458663,47.000000,6,-4.097128,38.000000,2,-4.768358,37.000000,3,-6.224011,34.000000,7,-13.175050,20.000000,,,,,,
1761058008285,00063,5,5,0,0,4,63,21.605569,90.000000,7,3.134163,53.000000,2,2.918443,52.000000,5,-0.147780,46.000000,3,-2.357693,42.000000,8,-12.212489,22.000000,6,-13.935959,18.000000,,,,,,
1761058008285,00053,5,5,0,0,4,53,22.300085,91.000000,3,21.171351,89.000000,2,9.972595,66.000000,8,0.692586,48.000000,6,-2.265150,42.000000,5,-3.003744,40.000000,7,-4.126772,38.000000,,,,,,
1761058008285,00032,5,5,0,0,4,32,14.228844,75.000000,5,11.274274,69.000000,2,6.254658,59.000000,6,3.310989,53.000000,3,2.011866,50.000000,8,-3.132714,40.000000,7,-8.846101,29.000000,,,,,,
1761058008385,00008,7,6,0,0,4,8,13.739217,74.000000,5,8.932453,64.000000,3,7.670905,62.000000,2,2.386360,51.000000,8,-0.636949,45.000000,7,-8.560291,29.000000,6,-16.570252,13.000000,,,,,,
1761058008385,00040,7,6,0,0,4,40,16.634723,80.000000,5,17.986715,83.000000,2,-2.622189,41.000000,8,-4.966332,36.000000,6,-6.804238,33.000000,3,-8.198985,30.000000,7,-16.072964,14.000000,,,,,,
1761058008385,00063,7,6,0,0,4,63,19.446271,86.000000,7,4.258385,55.000000,2,2.619040,52.000000,5,-0.603549,45.000000,3,-4.011370,38.000000,6,-14.188151,18.000000,8,-15.722940,15.000000,,,,,,
1761058008385,00053,7,6,0,0,4,53,14.922971,76.000000,3,22.226375,91.000000,2,12.277574,71.000000,6,1.924372,50.000000,5,-4.189329,38.000000,8,-7.294089,32.000000,7,-8.386453,29.000000,,,,,,
1761058008385,00032,7,6,0,0,4,32,11.221245,69.000000,2,12.211932,71.000000,5,11.620859,70.000000,6,0.527178,47.000000,8,-0.990051,44.000000,3,-1.810337,43.000000,7,-6.085442,34.000000,,,,,,
1761058008385,00007,7,6,0,0,4,7,9.992955,67.000000,6,5.653695,58.000000,7,-0.961887,44.000000,5,-1.182170,44.000000,2,-4.502291,37.000000,3,-5.034522,36.000000,8,-14.279683,18.000000,,,,,,
1761058008385,00034,7,6,0,0,4,34,27.033992,101.000000,5,8.323172,63.000000,3,0.072758,47.000000,2,-6.353660,34.000000,6,-7.908079,30.000000,8,-11.621221,23.000000,7,-16.933340,12.000000,,,,,,
1761058008485,00008,6,6,0,0,4,8,13.658330,74.000000,5,12.044642,71.000000,3,8.054271,63.000000,2,5.940206,58.000000,8,-3.778758,39.000000,7,-9.397312,27.000000,6,-16.091471,14.000000,,,,,,
1761058008485,00040,6,6,0,0,4,40,12.512444,72.000000,5,15.193066,77.000000,8,-3.501367,39.000000,6,-4.358402,38.000000,2,-5.912600,34.000000,3,-6.957089,32.000000,7,-14.439991,17.000000,,,,,,
1761058008485,00063,6,6,0,0,4,63,20.601908,88.000000,7,5.058079,57.000000,2,4.949040,56.000000,5,3.956668,54.000000,3,-0.227359,46.000000,6,-11.701791,23.000000,8,-13.545884,19.000000,,,,,,
1761058008485,00032,6,6,0,0,4,32,12.897527,72.000000,5,12.375977,71.000000,2,6.998474,60.000000,3,3.456491,53.000000,6,1.654824,50.000000,8,0.209692,47.000000,7,-7.490856,31.000000,,,,,,
1761058008485,00007,6,6,0,0,4,7,10.321302,67.000000,6,0.347065,47.000000,5,-0.370739,46.000000,7,-2.355885,42.000000,2,-2.545796,41.000000,3,-3.496374,39.000000,8,-11.332817,24.000000,,,,,,
1761058008485,00034,6,6,0,0,4,34,24.497504,96.000000,5,4.897475,56.000000,2,-4.080190,38.000000,3,-5.674255,35.000000,7,-10.734040,25.000000,8,-12.536619,21.000000,6,-25.565410,0.000000,,,,,,
1761058008585,00008,6,6,0,0,4,8,15.100813,77.000000,5,12.182623,71.000000,3,8.724099,64.000000,2,1.890456,50.000000,8,-1.370277,44.000000,7,-15.664986,15.000000,6,-17.655051,11.000000,,,,,,
1761058008585,00040,6,6,0,0,4,40,14.318939,75.000000,5,19.059281,85.000000,8,-2.133579,42.000000,6,-3.917442,38.000000,3,-7.702563,31.000000,2,-8.149122,30.000000,7,-11.875435,22.000000,,,,,,
1761058008585,00063,6,6,0,0,4,63,26.262730,99.000000,2,5.595840,58.000000,5,4.934108,56.000000,7,3.967370,54.000000,3,2.312998,51.000000,6,-7.356945,32.000000,8,-10.014688,26.000000,,,,,,
1761058008585,00032,6,6,0,0,4,32,11.211384,69.000000,5,12.881401,72.000000,2,9.631158,66.000000,6,3.288069,53.000000,3,2.422926,51.000000,8,-0.005582,46.000000,7,-9.018981,28.000000,,,,,,
1761058008585,00007,6,6,0,0,4,7,8.235361,63.000000,6,3.347860,53.000000,7,0.648916,48.000000,5,-2.306623,42.000000,2,-2.410957,42.000000,3,-6.095750,34.000000,8,-8.926523,28.000000,,,,,,
1761058008585,00034,6,6,0,0,4,34,25.206685,97.000000,5,5.843759,58.000000,2,-3.931344,38.000000,3,-5.274079,36.000000,7,-12.146498,22.000000,8,-16.065464,14.000000,6,-21.870260,2.000000,,,,,,
1761058008685,00008,6,6,0,0,4,8,13.863541,74.000000,5,15.862720,78.000000,3,8.743505,64.000000,2,2.018857,50.000000,8,-7.099103,32.000000,7,-10.046913,26.000000,6,-17.872619,10.000000,,,,,,
1761058008685,00063,6,6,0,0,4,63,24.587116,96.000000,2,7.318316,61.000000,7,4.036851,55.000000,5,0.798160,48.000000,3,-4.623166,37.000000,6,-6.751339,33.000000,8,-10.125834,26.000000,,,,,,
1761058008685,00032,6,6,0,0,4,32,9.790024,66.000000,5,14.571497,76.000000,2,13.770355,74.000000,6,7.993713,62.000000,8,1.112092,49.000000,3,-2.271528,42.000000,7,-9.590519,27.000000,,,,,,
1761058008685,00007,6,6,0,0,4,7,9.814488,66.000000,7,1.592191,50.000000,3,0.847253,48.000000,6,0.401496,47.000000,5,-1.854928,43.000000,2,-4.242868,38.000000,8,-12.619138,21.000000,,,,,,
1761058008685,00034,6,6,0,0,4,34,27.112397,101.000000,5,5.661033,58.000000,2,1.125625,49.000000,3,-4.516504,37.000000,7,-7.263506,32.000000,8,-15.985012,14.000000,6,-22.301524,1.000000,,,,,,
1761058008685,00054,6,6,0,0,4,54,10.656649,68.000000,2,7.795145,62.000000,7,-0.366460,46.000000,5,-1.035280,44.000000,3,-2.461572,41.000000,6,-7.337274,32.000000,8,-20.612721,5.000000,,,,,,
1761058008785,00063,4,4,0,0,4,63,22.897001,93.000000,5,5.924116,58.000000,7,4.637799,56.000000,2,2.591029,52.000000,3,-0.659694,45.000000,6,-8.578999,29.000000,8,-9.858418,26.000000,,,,,,
1761058008785,00007,4,4,0,0,4,7,4.110837,55.000000,7,2.831068,52.000000,3,0.945233,48.000000,2,0.902618,48.000000,6,-0.521364,45.000000,5,-1.035974,44.000000,8,-14.007022,18.000000,,,,,,
1761058008785,00034,4,4,0,0,4,34,25.692219,98.000000,5,4.350577,55.000000,2,-1.388025,44.000000,3,-5.969525,34.000000,8,-12.634253,21.000000,7,-12.705291,21.000000,6,-25.457090,0.000000,,,,,,
1761058008785,00054,4,4,0,0,4,54,7.630548,62.000000,2,11.034882,69.000000,7,3.882226,54.000000,3,0.060921,46.000000,5,-3.097273,40.000000,6,-8.742338,29.000000,8,-14.159012,18.000000,,,,,,
1761058008885,00063,4,4,0,0,4,63,22.259971,91.000000,7,6.589984,60.000000,2,4.980552,56.000000,5,2.267310,51.000000,3,-4.392757,38.000000,8,-4.651314,37.000000,6,-6.200147,34.000000,,,,,,
1761058008885,00007,4,4,0,0,4,7,4.790001,56.000000,7,2.594231,52.000000,6,0.554519,47.000000,3,0.131329,47.000000,2,-2.212566,42.000000,5,-2.768532,41.000000,8,-8.954144,28.000000,,,,,,
1761058008885,00034,4,4,0,0,4,34,27.099018,101.000000,5,2.060211,51.000000,2,1.823708,50.000000,3,-0.432270,45.000000,7,-8.073883,30.000000,8,-12.334916,21.000000,6,-23.649046,0.000000,,,,,,
1761058008885,00053,4,4,0,0,4,53,11.667467,70.000000,2,9.237489,65.000000,3,8.754984,64.000000,8,-1.629338,43.000000,6,-6.249443,34.000000,5,-8.133656,30.000000,7,-13.161713,20.000000,,,,,,
1761058008985,00063,4,4,0,0,4,63,25.194828,97.000000,2,9.090910,65.000000,7,5.578465,58.000000,5,3.675689,54.000000,3,-2.183736,42.000000,6,-4.951132,36.000000,8,-14.512295,17.000000,,,,,,
1761058008985,00007,4,4,0,0,4,7,7.104389,61.000000,7,2.664866,52.000000,3,1.909478,50.000000,5,1.132549,49.000000,6,0.856276,48.000000,2,-3.819834,39.000000,8,-7.888452,30.000000,,,,,,
1761058008985,00034,4,4,0,0,4,34,23.946851,95.000000,5,1.390046,49.000000,3,-0.550215,45.000000,2,-2.615183,41.000000,7,-8.653386,29.000000,8,-16.349166,13.000000,6,-24.846659,0.000000,,,,,,
1761058008985,00053,4,4,0,0,4,53,13.124052,73.000000,3,8.767778,64.000000,2,7.144558,61.000000,6,-0.748823,45.000000,8,-1.066457,44.000000,7,-6.642487,33.000000,5,-6.660520,33.000000,,,,,,
1761058009085,00063,5,4,0,0,4,63,23.577601,94.000000,2,6.369381,59.000000,5,5.868387,58.000000,7,0.634180,48.000000,3,-1.887067,43.000000,8,-10.597538,25.000000,6,-11.724571,23.000000,,,,,,
1761058009085,00007,5,4,0,0,4,7,4.725947,56.000000,7,2.255018,51.000000,3,0.122106,47.000000,5,0.026263,46.000000,2,-3.772434,39.000000,6,-4.257645,38.000000,8,-13.578922,19.000000,,,,,,
1761058009085,00034,5,4,0,0,4,34,23.870907,94.000000,5,5.258733,57.000000,3,3.992876,54.000000,2,-0.139073,46.000000,7,-6.967632,32.000000,8,-11.875006,22.000000,6,-27.418112,0.000000,,,,,,
1761058009085,00053,5,4,0,0,4,53,10.434398,67.000000,2,10.140478,67.000000,3,9.459426,65.000000,8,1.542089,49.000000,6,-1.000964,44.000000,5,-7.699975,31.000000,7,-9.173587,28.000000,,,,,,
1761058009085,00008,5,4,0,0,4,8,9.540635,66.000000,5,8.268792,63.000000,3,4.022647,54.000000,2,3.174598,53.000000,8,-7.629091,31.000000,7,-13.141057,20.000000,6,-15.985567,14.000000,,,,,,
