timestamp,ueImsiComplete,numActiveUes,RRC.ConnMean,DRB.EstabSucc.5QI.UEID (numDrb),DRB.RelActNbr.5QI.UEID (0),L3 serving Id(m_cellId),UE (imsi),L3 serving SINR,L3 serving SINR 3gpp,L3 neigh Id 1 (cellId),L3 neigh SINR 1,L3 neigh SINR 3gpp 1 (convertedSinr),L3 neigh Id 2 (cellId),L3 neigh SINR 2,L3 neigh SINR 3gpp 2 (convertedSinr),L3 neigh Id 3 (cellId),L3 neigh SINR 3,L3 neigh SINR 3gpp 3 (convertedSinr),L3 neigh Id 4 (cellId),L3 neigh SINR 4,L3 neigh SINR 3gpp 4 (convertedSinr),L3 neigh Id 5 (cellId),L3 neigh SINR 5,L3 neigh SINR 3gpp 5 (convertedSinr),L3 neigh Id 6 (cellId),L3 neigh SINR 6,L3 neigh SINR 3gpp 6 (convertedSinr),L3 neigh Id 7 (cellId),L3 neigh SINR 7,L3 neigh SINR 3gpp 7 (convertedSinr),L3 neigh Id 8 (cellId),L3 neigh SINR 8,L3 neigh SINR 3gpp 8 (convertedSinr)
1761058001385,00004,7,4,0,0,5,4,18.351844,83.000000,2,15.261069,77.000000,6,8.573467,64.000000,4,1.840909,50.000000,7,0.332131,47.000000,8,-4.589887,37.000000,3,-11.228279,24.000000,,,,,,
1761058001385,00009,7,4,0,0,5,9,18.684692,84.000000,3,5.878310,58.000000,6,3.881380,54.000000,2,0.256587,47.000000,7,-6.590308,33.000000,8,-8.006680,30.000000,4,-10.702869,25.000000,,,,,,
1761058001385,00016,7,4,0,0,5,16,28.230870,103.000000,6,8.154865,63.000000,7,5.910851,58.000000,2,-3.324274,40.000000,4,-5.021997,36.000000,3,-11.912365,22.000000,8,-14.618187,17.000000,,,,,,
1761058001385,00031,7,4,0,0,5,31,11.150213,69.000000,6,11.410286,69.000000,4,4.316897,55.000000,8,-2.296647,42.000000,3,-3.963974,38.000000,7,-8.864871,28.000000,2,-13.553403,19.000000,,,,,,
1761058001385,00038,7,4,0,0,5,38,11.590507,70.000000,6,12.148573,71.000000,2,0.881186,48.000000,7,-0.358468,46.000000,8,-2.497665,41.000000,4,-16.104773,14.000000,3,-21.424232,3.000000,,,,,,
1761058001385,00046,7,4,0,0,5,46,9.169404,65.000000,6,7.441666,61.000000,2,4.937641,56.000000,4,0.822616,48.000000,3,-2.432890,41.000000,7,-2.480928,41.000000,8,-12.052747,22.000000,,,,,,
1761058001385,00054,7,4,0,0,5,54,15.356298,77.000000,4,16.127146,79.000000,3,5.011398,56.000000,2,2.804439,52.000000,6,-9.854586,26.000000,7,-14.636115,17.000000,8,-19.381007,7.000000,,,,,,
1761058001485,00004,7,7,0,0,5,4,12.404620,71.000000,2,15.096523,77.000000,6,8.506826,64.000000,4,6.467640,59.000000,7,2.216951,51.000000,8,-2.595920,41.000000,3,-9.244160,28.000000,,,,,,
1761058001485,00009,7,7,0,0,5,9,16.761187,80.000000,3,0.527668,47.000000,6,0.197902,47.000000,2,-3.031438,40.000000,4,-4.911129,36.000000,7,-5.698989,35.000000,8,-7.839305,31.000000,,,,,,
1761058001485,00016,7,7,0,0,5,16,11.921813,70.000000,6,8.239075,63.000000,7,7.443725,61.000000,4,-2.252321,42.000000,2,-5.694230,35.000000,8,-15.078339,16.000000,3,-17.911802,10.000000,,,,,,
1761058001485,00031,7,7,0,0,5,31,14.611863,76.000000,6,11.724681,70.000000,4,4.827724,56.000000,3,-2.453697,41.000000,8,-5.585938,35.000000,7,-6.322620,34.000000,2,-10.265686,26.000000,,,,,,
1761058001485,00038,7,7,0,0,5,38,9.870360,66.000000,6,16.105175,79.000000,2,4.814848,56.000000,8,0.877609,48.000000,4,-4.572248,37.000000,7,-5.109279,36.000000,3,-24.876540,0.000000,,,,,,
1761058001485,00046,7,7,0,0,5,46,9.838541,66.000000,6,8.643039,64.000000,2,6.973084,60.000000,4,0.445805,47.000000,7,-2.045627,42.000000,3,-5.333266,36.000000,8,-9.684729,27.000000,,,,,,
1761058001485,00054,7,7,0,0,5,54,12.889156,72.000000,4,15.449689,78.000000,2,6.117266,59.000000,3,2.419494,51.000000,6,-8.136001,30.000000,7,-15.126451,16.000000,8,-24.160258,0.000000,,,,,,
1761058001585,00004,6,6,0,0,5,4,15.036644,77.000000,2,15.607753,78.000000,6,8.401076,63.000000,4,6.489886,59.000000,7,1.120693,49.000000,8,-1.081384,44.000000,3,-7.317123,32.000000,,,,,,
1761058001585,00009,6,6,0,0,5,9,19.742218,86.000000,2,6.113789,59.000000,3,5.973928,58.000000,6,-0.623745,45.000000,4,-5.831291,35.000000,7,-8.393410,29.000000,8,-9.267180,28.000000,,,,,,
1761058001585,00016,6,6,0,0,5,16,14.195506,75.000000,6,11.368792,69.000000,7,8.465846,63.000000,4,-5.123160,36.000000,2,-12.026004,22.000000,8,-12.729098,21.000000,3,-15.822593,14.000000,,,,,,
1761058001585,00031,6,6,0,0,5,31,18.943839,85.000000,6,8.199111,63.000000,4,6.991594,60.000000,8,-4.900819,36.000000,2,-6.521754,33.000000,3,-7.986920,30.000000,7,-8.759731,29.000000,,,,,,
1761058001585,00046,6,6,0,0,5,46,4.863598,56.000000,2,4.174636,55.000000,6,3.934419,54.000000,7,3.495137,53.000000,4,-2.633096,41.000000,8,-6.100977,34.000000,3,-8.849498,29.000000,,,,,,
1761058001585,00054,6,6,0,0,5,54,19.136513,85.000000,4,18.070816,83.000000,2,3.017473,52.000000,3,-1.421702,43.000000,6,-7.771723,31.000000,7,-18.610571,9.000000,8,-24.426093,0.000000,,,,,,
1761058001685,00004,6,6,0,0,5,4,16.875353,80.000000,2,16.967632,81.000000,4,8.178369,63.000000,6,2.338025,51.000000,7,-0.852323,45.000000,8,-1.475516,43.000000,3,-10.100818,26.000000,,,,,,
1761058001685,00009,6,6,0,0,5,9,22.609267,92.000000,2,-2.325191,42.000000,6,-3.857959,39.000000,4,-4.346924,38.000000,8,-4.921939,36.000000,7,-9.758985,27.000000,3,-10.180173,26.000000,,,,,,
1761058001685,00016,6,6,0,0,5,16,16.857576,80.000000,6,7.604723,62.000000,7,5.676062,58.000000,4,-1.751033,43.000000,2,-11.769622,23.000000,3,-13.005272,20.000000,8,-14.884656,16.000000,,,,,,
1761058001685,00031,6,6,0,0,5,31,20.127551,87.000000,6,13.779610,74.000000,8,-1.012737,44.000000,4,-1.430544,43.000000,7,-5.918090,34.000000,3,-7.374843,31.000000,2,-11.109979,24.000000,,,,,,
1761058001685,00046,6,6,0,0,5,46,3.739167,54.000000,2,8.269629,63.000000,4,4.211829,55.000000,7,1.906366,50.000000,6,0.940068,48.000000,3,-4.917128,36.000000,8,-8.569509,29.000000,,,,,,
1761058001685,00054,6,6,0,0,5,54,9.583498,66.000000,4,21.118928,89.000000,2,5.944763,58.000000,3,-0.858314,45.000000,6,-7.590993,31.000000,7,-24.275014,0.000000,8,-25.634594,0.000000,,,,,,
1761058001785,00004,4,4,0,0,5,4,14.438800,75.000000,2,16.522119,80.000000,4,7.908450,62.000000,6,3.775561,54.000000,8,-0.583052,45.000000,7,-3.131200,40.000000,3,-7.317288,32.000000,,,,,,
1761058001785,00009,4,4,0,0,5,9,21.691896,90.000000,4,-0.153440,46.000000,3,-0.241197,46.000000,2,-2.972893,40.000000,6,-5.312187,36.000000,8,-8.330677,30.000000,7,-12.928600,20.000000,,,,,,
1761058001785,00016,4,4,0,0,5,16,16.216249,79.000000,6,9.459489,65.000000,7,5.215000,57.000000,4,-4.408148,37.000000,2,-7.832801,31.000000,3,-11.810254,23.000000,8,-15.153075,16.000000,,,,,,
1761058001785,00031,4,4,0,0,5,31,18.694592,84.000000,6,8.198928,63.000000,4,0.334913,47.000000,8,-0.943509,44.000000,3,-2.588617,41.000000,7,-8.837043,29.000000,2,-12.560331,21.000000,,,,,,
1761058001885,00009,4,4,0,0,5,9,18.454580,84.000000,3,-1.935503,42.000000,4,-3.117106,40.000000,8,-6.359195,34.000000,6,-6.665975,33.000000,7,-9.753155,27.000000,2,-10.772041,25.000000,,,,,,
1761058001885,00016,4,4,0,0,5,16,15.610116,78.000000,7,9.027191,65.000000,6,7.334206,61.000000,4,-5.694805,35.000000,2,-9.119603,28.000000,3,-11.918320,22.000000,8,-23.602619,0.000000,,,,,,
1761058001885,00031,4,4,0,0,5,31,13.873554,74.000000,6,11.619607,70.000000,8,1.806288,50.000000,3,1.460930,49.000000,4,-1.638247,43.000000,7,-2.423770,41.000000,2,-8.438661,29.000000,,,,,,
1761058001885,00038,4,4,0,0,5,38,20.174145,87.000000,6,12.912617,72.000000,4,1.657290,50.000000,2,1.400005,49.000000,8,-0.432224,45.000000,7,-15.690211,15.000000,3,-26.846054,0.000000,,,,,,
1761058001985,00009,4,4,0,0,5,9,22.280675,91.000000,3,-1.764688,43.000000,4,-3.836187,39.000000,8,-4.193790,38.000000,2,-5.253571,36.000000,6,-8.349651,30.000000,7,-10.054415,26.000000,,,,,,
1761058001985,00016,4,4,0,0,5,16,15.268907,77.000000,6,11.375288,69.000000,4,1.252422,49.000000,2,-7.521276,31.000000,7,-10.377001,25.000000,3,-13.366818,19.000000,8,-20.945966,4.000000,,,,,,
1761058001985,00031,4,4,0,0,5,31,16.948789,81.000000,6,10.048623,67.000000,8,3.769820,54.000000,3,0.450872,47.000000,4,-2.741908,41.000000,7,-3.707717,39.000000,2,-8.470883,29.000000,,,,,,
1761058001985,00038,4,4,0,0,5,38,20.922376,89.000000,6,10.447218,67.000000,4,2.440939,51.000000,8,1.447582,49.000000,2,-0.041616,46.000000,7,-7.235974,32.000000,3,-26.473559,0.000000,,,,,,
1761058002085,00009,4,4,0,0,5,9,9.589980,66.000000,6,-0.867419,45.000000,3,-2.710449,41.000000,2,-3.216011,40.000000,4,-3.735403,39.000000,7,-8.021274,30.000000,8,-13.960471,18.000000,,,,,,
1761058002085,00016,4,4,0,0,5,16,15.926705,78.000000,6,9.091444,65.000000,2,-2.978217,40.000000,4,-9.286288,28.000000,7,-12.339537,21.000000,3,-15.605456,15.000000,8,-19.371893,7.000000,,,,,,
1761058002085,00031,4,4,0,0,5,31,16.590978,80.000000,6,8.980997,64.000000,8,3.368695,53.000000,3,-1.004100,44.000000,4,-2.531757,41.000000,7,-6.991476,32.000000,2,-8.556320,29.000000,,,,,,
1761058002085,00038,4,4,0,0,5,38,15.805008,78.000000,6,16.627375,80.000000,8,2.283999,51.000000,2,2.136961,51.000000,4,1.869516,50.000000,7,-9.604621,27.000000,3,-24.534042,0.000000,,,,,,
1761058002185,00009,4,4,0,0,5,9,6.764592,60.000000,2,11.276561,69.000000,4,-0.885903,45.000000,6,-2.515533,41.000000,3,-2.945435,40.000000,7,-8.014622,30.000000,8,-11.734972,23.000000,,,,,,
1761058002185,00016,4,4,0,0,5,16,19.862353,86.000000,6,16.608268,80.000000,2,-5.540707,35.000000,4,-6.834741,33.000000,7,-10.132139,26.000000,3,-14.038448,18.000000,8,-15.886277,14.000000,,,,,,
1761058002185,00031,4,4,0,0,5,31,17.832367,82.000000,6,10.425847,67.000000,8,2.423233,51.000000,3,-0.890696,45.000000,4,-2.340515,42.000000,2,-9.272386,28.000000,7,-12.315369,22.000000,,,,,,
1761058002185,00038,4,4,0,0,5,38,13.139434,73.000000,6,13.621890,74.000000,4,2.217641,51.000000,2,0.799012,48.000000,8,-2.314291,42.000000,7,-12.279848,22.000000,3,-27.930455,0.000000,,,,,,
1761058002285,00009,5,4,0,0,5,9,7.263110,61.000000,4,0.975119,48.000000,2,-1.491376,43.000000,3,-2.938167,40.000000,6,-3.058844,40.000000,8,-9.378825,27.000000,7,-12.634012,21.000000,,,,,,
1761058002285,00016,5,4,0,0,5,16,19.699152,86.000000,6,6.370788,59.000000,7,-3.956884,38.000000,2,-5.873295,35.000000,4,-8.906081,28.000000,3,-11.710125,23.000000,8,-20.933642,4.000000,,,,,,
1761058002285,00031,5,4,0,0,5,31,17.472333,82.000000,6,11.105914,69.000000,8,2.013536,50.000000,4,-1.195698,44.000000,3,-2.067162,42.000000,7,-4.586530,37.000000,2,-6.911836,32.000000,,,,,,
1761058002285,00038,5,4,0,0,5,38,12.870306,72.000000,6,13.617176,74.000000,4,3.207897,53.000000,2,-0.188617,46.000000,8,-1.392675,44.000000,7,-10.076823,26.000000,3,-28.331370,0.000000,,,,,,
1761058002285,00046,5,4,0,0,5,46,12.747094,72.000000,2,6.013997,58.000000,7,4.371014,55.000000,4,3.207922,53.000000,6,-4.053174,38.000000,3,-9.733026,27.000000,8,-14.000727,18.000000,,,,,,
1761058002385,00009,5,5,0,0,5,9,6.360619,59.000000,6,4.489004,55.000000,4,0.306046,47.000000,3,-1.497972,43.000000,2,-1.676470,43.000000,8,-9.970841,26.000000,7,-14.769713,17.000000,,,,,,
1761058002385,00016,5,5,0,0,5,16,22.122019,91.000000,6,12.403712,71.000000,2,-2.467023,41.000000,4,-5.056257,36.000000,3,-10.219794,26.000000,7,-10.577816,25.000000,8,-27.552065,0.000000,,,,,,
1761058002385,00031,5,5,0,0,5,31,10.098041,67.000000,6,4.353304,55.000000,4,1.870583,50.000000,8,-1.314766,44.000000,3,-7.503300,31.000000,7,-9.080921,28.000000,2,-9.135002,28.000000,,,,,,
1761058002385,00038,5,5,0,0,5,38,10.527438,68.000000,6,11.957717,70.000000,2,1.045109,48.000000,4,-1.169373,44.000000,8,-1.938710,42.000000,7,-12.003323,22.000000,3,-29.803100,0.000000,,,,,,
1761058002385,00046,5,5,0,0,5,46,11.611020,70.000000,7,8.725560,64.000000,2,4.856162,56.000000,4,4.638185,56.000000,6,-6.612302,33.000000,3,-10.519746,25.000000,8,-12.778268,21.000000,,,,,,
1761058002485,00009,5,5,0,0,5,9,6.488685,59.000000,4,1.716065,50.000000,2,-0.422380,46.000000,6,-0.880666,45.000000,3,-2.177549,42.000000,8,-8.140653,30.000000,7,-15.826106,14.000000,,,,,,
1761058002485,00016,5,5,0,0,5,16,21.898232,91.000000,6,11.396922,69.000000,7,-4.565306,37.000000,2,-5.788248,35.000000,4,-6.088224,34.000000,3,-8.304341,30.000000,8,-30.763072,0.000000,,,,,,
1761058002485,00031,5,5,0,0,5,31,11.560189,70.000000,6,7.797840,62.000000,4,4.021559,54.000000,8,-0.411019,46.000000,7,-7.536938,31.000000,2,-7.618460,31.000000,3,-24.110116,0.000000,,,,,,
1761058002485,00038,5,5,0,0,5,38,12.680877,72.000000,6,9.053155,65.000000,4,2.226519,51.000000,2,1.614060,50.000000,8,-3.362293,40.000000,7,-12.191692,22.000000,3,-25.863032,0.000000,,,,,,
1761058002485,00046,5,5,0,0,5,46,10.722860,68.000000,7,3.891895,54.000000,2,3.834561,54.000000,4,3.486523,53.000000,6,1.000619,48.000000,3,-8.133782,30.000000,8,-14.051388,18.000000,,,,,,
1761058002585,00009,5,5,0,0,5,9,19.960921,87.000000,4,0.596427,48.000000,6,-0.112122,46.000000,2,-0.263315,46.000000,3,-2.936101,40.000000,8,-7.622037,31.000000,7,-13.537322,19.000000,,,,,,
1761058002585,00016,5,5,0,0,5,16,19.432352,86.000000,6,10.258519,67.000000,2,-0.583961,45.000000,3,-2.729456,41.000000,4,-6.162986,34.000000,7,-6.511187,33.000000,8,-24.979201,0.000000,,,,,,
1761058002585,00031,5,5,0,0,5,31,7.429561,61.000000,6,6.761088,60.000000,8,1.064422,49.000000,4,-1.211431,44.000000,7,-3.214108,40.000000,2,-5.015450,36.000000,3,-18.073152,10.000000,,,,,,
1761058002585,00038,5,5,0,0,5,38,14.863160,76.000000,6,11.564712,70.000000,4,3.382022,53.000000,2,2.022211,50.000000,8,-6.859551,33.000000,7,-12.186502,22.000000,3,-28.328080,0.000000,,,,,,
1761058002585,00046,5,5,0,0,5,46,10.204241,67.000000,7,3.742617,54.000000,2,2.058028,51.000000,6,-4.526179,37.000000,3,-6.412666,33.000000,4,-7.206894,32.000000,8,-10.901600,24.000000,,,,,,
1761058002685,00009,5,5,0,0,5,9,21.794005,90.000000,4,0.402024,47.000000,6,0.062202,46.000000,3,-1.638359,43.000000,2,-2.460295,41.000000,7,-8.737354,29.000000,8,-10.409849,25.000000,,,,,,
1761058002685,00016,5,5,0,0,5,16,15.503954,78.000000,6,7.717854,62.000000,2,2.625749,52.000000,4,-1.630869,43.000000,3,-5.793915,35.000000,7,-5.875700,35.000000,8,-25.015588,0.000000,,,,,,
1761058002685,00031,5,5,0,0,5,31,12.702374,72.000000,8,5.887012,58.000000,6,4.653801,56.000000,4,-4.552118,37.000000,2,-6.811322,33.000000,7,-8.252212,30.000000,3,-18.221163,10.000000,,,,,,
1761058002685,00038,5,5,0,0,5,38,15.936297,78.000000,2,3.848461,54.000000,4,2.959205,52.000000,8,-4.982534,36.000000,6,-5.385670,36.000000,7,-11.886614,22.000000,3,-25.841503,0.000000,,,,,,
1761058002685,00046,5,5,0,0,5,46,5.818874,58.000000,7,7.265088,61.000000,2,5.456774,57.000000,6,-3.294584,40.000000,4,-4.200687,38.000000,3,-8.681683,29.000000,8,-10.282730,26.000000,,,,,,
1761058002785,00009,5,5,0,0,5,9,19.886262,86.000000,2,2.375752,51.000000,4,1.889657,50.000000,6,-0.488447,45.000000,3,-1.511863,43.000000,8,-8.510143,29.000000,7,-8.717758,29.000000,,,,,,
1761058002785,00016,5,5,0,0,5,16,18.711804,84.000000,2,2.981991,52.000000,6,2.908883,52.000000,4,-2.863077,41.000000,3,-5.396373,35.000000,7,-8.590458,29.000000,8,-23.015128,0.000000,,,,,,
1761058002785,00031,5,5,0,0,5,31,15.686869,78.000000,6,4.521860,55.000000,8,3.880021,54.000000,4,0.383783,47.000000,7,-3.520479,39.000000,2,-7.557004,31.000000,3,-23.247894,0.000000,,,,,,
1761058002785,00038,5,5,0,0,5,38,13.446910,73.000000,4,1.055985,48.000000,2,0.413312,47.000000,8,-3.263084,40.000000,6,-9.292518,28.000000,7,-16.264331,14.000000,3,-25.334143,0.000000,,,,,,
1761058002785,00046,5,5,0,0,5,46,6.328114,59.000000,7,7.505187,61.000000,2,3.200350,53.000000,4,-4.001288,38.000000,6,-4.004596,38.000000,3,-5.381076,36.000000,8,-15.963161,14.000000,,,,,,
1761058002885,00009,5,5,0,0,5,9,20.950991,89.000000,4,5.742761,58.000000,6,3.813679,54.000000,2,1.084563,49.000000,3,0.765332,48.000000,8,-6.983865,32.000000,7,-9.785833,27.000000,,,,,,
1761058002885,00016,5,5,0,0,5,16,16.792020,80.000000,2,3.536371,53.000000,6,0.794927,48.000000,4,-7.507349,31.000000,7,-7.902839,30.000000,3,-8.362310,30.000000,8,-21.265235,3.000000,,,,,,
1761058002885,00031,5,5,0,0,5,31,16.681308,80.000000,6,5.165441,57.000000,8,3.711427,54.000000,4,-2.904707,41.000000,7,-4.199909,38.000000,2,-5.329940,36.000000,3,-16.732138,13.000000,,,,,,
1761058002885,00038,5,5,0,0,5,38,15.121729,77.000000,2,2.810991,52.000000,8,-2.162873,42.000000,4,-2.431840,41.000000,6,-8.108927,30.000000,7,-9.688545,27.000000,3,-20.713546,5.000000,,,,,,
1761058002885,00046,5,5,0,0,5,46,5.881058,58.000000,7,6.416549,59.000000,2,5.398370,57.000000,3,-3.493536,39.000000,4,-5.372223,36.000000,6,-5.750596,35.000000,8,-8.626935,29.000000,,,,,,
1761058002985,00009,5,5,0,0,5,9,17.891834,82.000000,4,7.575429,62.000000,6,2.235552,51.000000,2,1.146021,49.000000,3,-3.830042,39.000000,7,-6.783041,33.000000,8,-8.598056,29.000000,,,,,,
1761058002985,00016,5,5,0,0,5,16,16.770242,80.000000,2,5.757703,58.000000,6,3.974435,54.000000,3,-5.751340,35.000000,4,-8.395749,29.000000,7,-9.177222,28.000000,8,-20.324877,5.000000,,,,,,
1761058002985,00031,5,5,0,0,5,31,11.691291,70.000000,8,7.380392,61.000000,6,7.215792,61.000000,4,-1.002240,44.000000,7,-3.507671,39.000000,2,-7.282869,32.000000,3,-14.026585,18.000000,,,,,,
1761058002985,00038,5,5,0,0,5,38,11.660321,70.000000,2,7.985681,62.000000,4,-0.505117,45.000000,8,-5.935542,34.000000,6,-9.837736,27.000000,7,-11.438380,23.000000,3,-23.098948,0.000000,,,,,,
1761058002985,00046,5,5,0,0,5,46,4.120661,55.000000,2,6.830170,60.000000,7,6.144257,59.000000,3,-3.870442,39.000000,6,-5.733486,35.000000,4,-6.316792,34.000000,8,-11.632366,23.000000,,,,,,
1761058003085,00009,5,5,0,0,5,9,18.167066,83.000000,6,5.391424,57.000000,4,4.681601,56.000000,2,0.841229,48.000000,3,-1.039690,44.000000,7,-4.361344,38.000000,8,-8.300877,30.000000,,,,,,
1761058003085,00016,5,5,0,0,5,16,19.385005,85.000000,2,7.247526,61.000000,6,4.141117,55.000000,7,-5.136010,36.000000,3,-10.881856,24.000000,4,-11.379252,23.000000,8,-17.829784,10.000000,,,,,,
1761058003085,00031,5,5,0,0,5,31,11.054187,69.000000,6,8.307188,63.000000,8,3.930201,54.000000,4,0.360011,47.000000,7,-0.884813,45.000000,2,-8.696164,29.000000,3,-12.515252,21.000000,,,,,,
1761058003085,00038,5,5,0,0,5,38,12.895436,72.000000,4,-0.747707,45.000000,2,-2.281928,42.000000,8,-7.321337,32.000000,6,-10.534725,25.000000,7,-13.674143,19.000000,3,-20.677840,5.000000,,,,,,
1761058003085,00046,5,5,0,0,5,46,6.874919,60.000000,2,6.166282,59.000000,7,0.326667,47.000000,6,-3.646294,39.000000,3,-5.198355,36.000000,4,-6.009899,34.000000,8,-16.357397,13.000000,,,,,,
1761058003185,00009,5,5,0,0,5,9,15.312821,77.000000,4,6.570407,60.000000,6,-0.301239,46.000000,2,-0.617875,45.000000,3,-1.177952,44.000000,7,-2.515736,41.000000,8,-8.967283,28.000000,,,,,,
1761058003185,00016,5,5,0,0,5,16,30.732452,108.000000,2,6.988833,60.000000,6,1.250148,49.000000,3,-5.286879,36.000000,4,-7.524498,31.000000,7,-9.592510,27.000000,8,-20.431339,5.000000,,,,,,
1761058003185,00031,5,5,0,0,5,31,11.713753,70.000000,6,8.403309,63.000000,8,4.001093,54.000000,4,-0.778989,45.000000,7,-2.704622,41.000000,3,-10.702043,25.000000,2,-13.612327,19.000000,,,,,,
1761058003185,00038,5,5,0,0,5,38,12.218984,71.000000,2,2.862365,52.000000,4,1.348551,49.000000,8,-7.780751,31.000000,6,-10.555645,25.000000,7,-15.239686,16.000000,3,-24.259121,0.000000,,,,,,
1761058003185,00046,5,5,0,0,5,46,3.758865,54.000000,2,14.299547,75.000000,7,5.844253,58.000000,6,-3.274029,40.000000,3,-4.955797,36.000000,4,-9.959329,26.000000,8,-15.259749,16.000000,,,,,,
1761058003285,00009,4,4,0,0,5,9,15.607963,78.000000,2,2.826408,52.000000,7,2.634607,52.000000,6,1.933730,50.000000,4,-0.060365,46.000000,3,-0.759214,45.000000,8,-9.378302,27.000000,,,,,,
1761058003285,00016,4,4,0,0,5,16,9.446563,65.000000,2,7.965784,62.000000,6,-0.227280,46.000000,4,-8.766675,29.000000,3,-12.005776,22.000000,7,-12.498026,21.000000,8,-21.479683,3.000000,,,,,,
1761058003285,00031,4,4,0,0,5,31,11.323818,69.000000,6,5.356796,57.000000,8,4.071255,55.000000,4,4.058490,55.000000,7,-3.005554,40.000000,3,-12.811155,21.000000,2,-13.481899,19.000000,,,,,,
1761058003285,00038,4,4,0,0,5,38,9.940206,66.000000,2,-0.189891,46.000000,8,-7.194468,32.000000,4,-10.247674,26.000000,6,-12.819540,21.000000,7,-13.869423,18.000000,3,-22.422472,1.000000,,,,,,
1761058003385,00009,4,4,0,0,5,9,18.013492,83.000000,7,1.856045,50.000000,3,0.431616,47.000000,4,-0.375146,46.000000,6,-0.463548,45.000000,2,-1.731483,43.000000,8,-11.297385,24.000000,,,,,,
1761058003385,00016,4,4,0,0,5,16,9.110068,65.000000,2,7.862807,62.000000,6,2.066696,51.000000,4,-6.512913,33.000000,3,-10.298364,26.000000,7,-11.195725,24.000000,8,-23.656302,0.000000,,,,,,
1761058003385,00031,4,4,0,0,5,31,8.391263,63.000000,6,10.581783,68.000000,8,10.401002,67.000000,4,4.392006,55.000000,7,-6.743332,33.000000,3,-7.791682,31.000000,2,-10.298861,26.000000,,,,,,
1761058003385,00038,4,4,0,0,5,38,9.072849,65.000000,2,-0.584924,45.000000,8,-4.706984,37.000000,4,-10.024946,26.000000,7,-12.029205,22.000000,6,-12.910018,20.000000,3,-22.970017,0.000000,,,,,,
1761058003485,00009,4,4,0,0,5,9,19.629356,86.000000,7,5.750567,58.000000,6,2.565533,52.000000,4,2.050265,50.000000,3,1.603271,50.000000,2,1.140187,49.000000,8,-8.252890,30.000000,,,,,,
1761058003485,00016,4,4,0,0,5,16,12.705863,72.000000,2,11.253650,69.000000,6,-5.941243,34.000000,4,-6.891575,32.000000,7,-8.168315,30.000000,8,-14.011725,18.000000,3,-14.085604,18.000000,,,,,,
1761058003485,00031,4,4,0,0,5,31,10.562001,68.000000,8,7.373817,61.000000,6,5.553330,58.000000,4,3.214019,53.000000,7,-5.345408,36.000000,3,-6.579980,33.000000,2,-9.358087,28.000000,,,,,,
1761058003485,00038,4,4,0,0,5,38,12.961466,72.000000,8,-3.284029,40.000000,2,-3.974111,38.000000,6,-12.105172,22.000000,7,-13.497145,19.000000,4,-16.170111,14.000000,3,-21.691608,3.000000,,,,,,
1761058003585,00009,4,4,0,0,5,9,21.186200,89.000000,7,7.227811,61.000000,2,5.828670,58.000000,4,5.580397,58.000000,6,2.598189,52.000000,3,-2.941254,40.000000,8,-8.008927,30.000000,,,,,,
1761058003585,00016,4,4,0,0,5,16,15.267529,77.000000,2,7.284497,61.000000,6,-5.191490,36.000000,7,-7.438779,31.000000,4,-8.308817,30.000000,3,-9.880352,26.000000,8,-15.460168,15.000000,,,,,,
1761058003585,00031,4,4,0,0,5,31,6.497342,59.000000,8,1.539676,49.000000,2,0.878403,48.000000,4,0.724264,48.000000,6,0.295820,47.000000,7,-6.774883,33.000000,3,-8.412036,29.000000,,,,,,
1761058003585,00038,4,4,0,0,5,38,13.713139,74.000000,2,-3.806212,39.000000,8,-4.304767,38.000000,7,-9.952130,26.000000,6,-15.619060,15.000000,4,-16.569508,13.000000,3,-26.327448,0.000000,,,,,,
1761058003685,00009,4,4,0,0,5,9,14.937198,76.000000,4,7.826323,62.000000,7,5.598479,58.000000,2,2.570562,52.000000,6,2.221282,51.000000,3,-4.307078,38.000000,8,-9.060473,28.000000,,,,,,
1761058003685,00016,4,4,0,0,5,16,18.505166,84.000000,2,6.614832,60.000000,4,-2.819348,41.000000,6,-3.747006,39.000000,7,-12.947345,20.000000,3,-14.756131,17.000000,8,-15.651808,15.000000,,,,,,
1761058003685,00031,4,4,0,0,5,31,10.617095,68.000000,6,11.722560,70.000000,4,4.932364,56.000000,8,-1.922227,42.000000,7,-3.986561,38.000000,2,-6.591123,33.000000,3,-9.386274,27.000000,,,,,,
1761058003685,00038,4,4,0,0,5,38,12.359552,71.000000,2,-4.982050,36.000000,7,-8.541235,29.000000,8,-10.116878,26.000000,4,-12.913729,20.000000,6,-15.360266,15.000000,3,-24.819537,0.000000,,,,,,
1761058003785,00009,4,4,0,0,5,9,15.283280,77.000000,7,6.181380,59.000000,6,3.954215,54.000000,4,3.934161,54.000000,2,1.166083,49.000000,3,-4.917675,36.000000,8,-9.219236,28.000000,,,,,,
1761058003785,00016,4,4,0,0,5,16,20.302443,87.000000,2,8.345344,63.000000,4,-2.028714,42.000000,6,-2.515860,41.000000,7,-9.650782,27.000000,3,-9.977389,26.000000,8,-12.536218,21.000000,,,,,,
1761058003785,00031,4,4,0,0,5,31,4.567635,56.000000,6,7.385709,61.000000,4,7.055122,61.000000,8,-2.734953,41.000000,2,-6.229965,34.000000,7,-6.286920,34.000000,3,-7.029335,32.000000,,,,,,
1761058003785,00038,4,4,0,0,5,38,10.980263,68.000000,2,-6.312283,34.000000,7,-9.442088,27.000000,8,-11.309351,24.000000,4,-15.704850,15.000000,6,-17.289528,12.000000,3,-27.816785,0.000000,,,,,,
1761058003885,00009,4,4,0,0,5,9,14.902506,76.000000,7,9.135487,65.000000,2,6.269579,59.000000,6,5.907854,58.000000,4,3.477835,53.000000,3,-0.874490,45.000000,8,-14.235358,18.000000,,,,,,
1761058003885,00016,4,4,0,0,5,16,13.166196,73.000000,2,9.675650,66.000000,6,-1.345092,44.000000,4,-4.219463,38.000000,7,-11.283833,24.000000,8,-13.361814,19.000000,3,-17.882642,10.000000,,,,,,
1761058003885,00031,4,4,0,0,5,31,2.094221,51.000000,4,10.621790,68.000000,6,9.002695,65.000000,8,0.554515,47.000000,7,-0.875261,45.000000,2,-2.284907,42.000000,3,-10.091498,26.000000,,,,,,
1761058003885,00038,4,4,0,0,5,38,7.795659,62.000000,8,-2.755708,41.000000,2,-6.671978,33.000000,7,-9.579517,27.000000,6,-15.848737,14.000000,4,-22.052263,2.000000,3,-27.912888,0.000000,,,,,,
1761058003985,00009,4,4,0,0,5,9,17.335360,81.000000,7,6.436981,59.000000,6,5.934689,58.000000,4,5.464377,57.000000,2,2.978063,52.000000,3,0.095259,47.000000,8,-14.119830,18.000000,,,,,,
1761058003985,00016,4,4,0,0,5,16,17.144377,81.000000,2,9.071833,65.000000,4,-5.186938,36.000000,6,-5.968872,34.000000,7,-7.305347,32.000000,3,-10.910067,24.000000,8,-13.142482,20.000000,,,,,,
1761058003985,00031,4,4,0,0,5,31,2.365564,51.000000,4,8.638152,64.000000,6,2.613360,52.000000,8,-0.730381,45.000000,2,-0.997875,44.000000,7,-4.076985,38.000000,3,-9.877590,26.000000,,,,,,
1761058003985,00038,4,4,0,0,5,38,7.949479,62.000000,2,-2.956614,40.000000,8,-4.386135,38.000000,7,-12.306553,22.000000,4,-16.472689,13.000000,6,-17.923789,10.000000,3,-29.025548,0.000000,,,,,,
1761058004085,00009,3,3,0,0,5,9,15.471216,78.000000,2,7.331370,61.000000,7,6.173389,59.000000,4,5.248976,57.000000,6,5.158303,57.000000,3,-1.553746,43.000000,8,-7.760493,31.000000,,,,,,
1761058004085,00016,3,3,0,0,5,16,14.088969,75.000000,2,7.331080,61.000000,6,-4.570877,37.000000,4,-5.757242,35.000000,7,-8.414731,29.000000,3,-10.186939,26.000000,8,-15.614916,15.000000,,,,,,
1761058004085,00038,3,3,0,0,5,38,13.618173,74.000000,2,-1.754147,43.000000,8,-2.807670,41.000000,7,-12.503523,21.000000,4,-13.521988,19.000000,6,-17.457105,11.000000,3,-24.539164,0.000000,,,,,,
1761058004185,00009,3,3,0,0,5,9,16.943207,81.000000,2,8.349975,63.000000,4,6.020044,59.000000,6,2.875418,52.000000,7,2.477601,51.000000,3,-2.691831,41.000000,8,-12.936721,20.000000,,,,,,
1761058004185,00016,3,3,0,0,5,16,13.504576,74.000000,2,5.500880,57.000000,6,-0.898750,45.000000,7,-2.139734,42.000000,4,-5.188940,36.000000,3,-7.922602,30.000000,8,-13.420106,19.000000,,,,,,
1761058004185,00038,3,3,0,0,5,38,12.891365,72.000000,2,1.953394,50.000000,8,-4.382604,38.000000,4,-10.600865,25.000000,7,-12.319938,22.000000,6,-18.588922,9.000000,3,-25.826583,0.000000,,,,,,
1761058004285,00009,3,3,0,0,5,9,17.309172,81.000000,2,12.388444,71.000000,6,6.496884,59.000000,4,5.710279,58.000000,7,2.312794,51.000000,3,0.737832,48.000000,8,-12.759594,21.000000,,,,,,
1761058004285,00016,3,3,0,0,5,16,13.682909,74.000000,2,2.657730,52.000000,4,-4.965418,36.000000,7,-5.380709,36.000000,3,-5.755075,35.000000,6,-8.756114,29.000000,8,-16.243238,14.000000,,,,,,
1761058004285,00038,3,3,0,0,5,38,11.838397,70.000000,2,2.861442,52.000000,8,-4.884140,37.000000,7,-8.343433,30.000000,4,-13.268000,20.000000,6,-17.520915,11.000000,3,-22.651924,1.000000,,,,,,
1761058004385,00009,6,4,0,0,5,9,18.571633,84.000000,2,9.416720,65.000000,7,6.688736,60.000000,4,3.428759,53.000000,3,0.402635,47.000000,6,0.237729,47.000000,8,-16.363015,13.000000,,,,,,
1761058004385,00016,6,4,0,0,5,16,11.545847,70.000000,2,5.480412,57.000000,7,1.289606,49.000000,3,-5.061370,36.000000,6,-6.196163,34.000000,4,-9.559916,27.000000,8,-14.958700,16.000000,,,,,,
1761058004385,00038,6,4,0,0,5,38,9.187397,65.000000,2,6.082942,59.000000,8,-4.434301,37.000000,7,-12.719838,21.000000,6,-14.697772,17.000000,4,-15.613022,15.000000,3,-23.702992,0.000000,,,,,,
1761058004385,00004,6,4,0,0,5,4,16.729473,80.000000,2,6.997347,60.000000,6,2.022598,50.000000,8,-3.243744,40.000000,3,-3.452371,39.000000,4,-6.739626,33.000000,7,-13.466715,19.000000,,,,,,
1761058004385,00046,6,4,0,0,5,46,16.329504,79.000000,2,8.140648,63.000000,6,3.342248,53.000000,7,-3.545839,39.000000,4,-4.156016,38.000000,3,-8.756286,29.000000,8,-8.905759,28.000000,,,,,,
1761058004385,00063,6,4,0,0,5,63,14.345055,75.000000,4,14.718323,76.000000,7,-2.882535,41.000000,6,-5.145345,36.000000,2,-6.185368,34.000000,3,-8.850006,29.000000,8,-17.352077,11.000000,,,,,,
1761058004485,00009,6,6,0,0,5,9,13.463977,74.000000,2,12.498714,72.000000,7,5.131698,57.000000,4,3.547763,54.000000,3,2.589950,52.000000,6,-3.284838,40.000000,8,-15.605943,15.000000,,,,,,
1761058004485,00016,6,6,0,0,5,16,10.801132,68.000000,7,0.563803,48.000000,2,-1.605674,43.000000,3,-5.378334,36.000000,6,-8.550556,29.000000,4,-12.944626,20.000000,8,-15.740885,15.000000,,,,,,
1761058004485,00038,6,6,0,0,5,38,8.958839,64.000000,2,2.911308,52.000000,8,-1.909426,43.000000,7,-9.598904,27.000000,4,-14.865092,16.000000,6,-17.294630,12.000000,3,-19.072374,8.000000,,,,,,
1761058004485,00004,6,6,0,0,5,4,11.928834,70.000000,2,6.247861,59.000000,6,2.223677,51.000000,8,-1.385878,44.000000,4,-1.963966,42.000000,3,-4.513166,37.000000,7,-14.664829,17.000000,,,,,,
1761058004485,00046,6,6,0,0,5,46,11.314290,69.000000,2,10.076833,67.000000,6,2.240280,51.000000,4,-7.173824,32.000000,3,-7.820393,31.000000,7,-8.914808,28.000000,8,-9.381403,27.000000,,,,,,
1761058004485,00063,6,6,0,0,5,63,13.807395,74.000000,4,13.505261,74.000000,2,-2.992709,40.000000,7,-3.826518,39.000000,3,-5.554074,35.000000,6,-7.317284,32.000000,8,-16.149429,14.000000,,,,,,
1761058004585,00009,7,6,0,0,5,9,15.082869,77.000000,2,12.497928,72.000000,7,4.682060,56.000000,4,2.370514,51.000000,6,0.603226,48.000000,3,-0.900792,45.000000,8,-19.384295,7.000000,,,,,,
1761058004585,00016,7,6,0,0,5,16,13.451751,73.000000,7,-2.921743,40.000000,6,-5.657327,35.000000,3,-9.021028,28.000000,2,-10.416885,25.000000,4,-12.853874,20.000000,8,-15.668494,15.000000,,,,,,
1761058004585,00038,7,6,0,0,5,38,10.911098,68.000000,2,5.345930,57.000000,8,-4.880585,37.000000,7,-8.520279,29.000000,4,-11.742966,23.000000,6,-17.599835,11.000000,3,-19.376975,7.000000,,,,,,
1761058004585,00004,7,6,0,0,5,4,10.264905,67.000000,2,7.163230,61.000000,6,4.574942,56.000000,4,-2.693670,41.000000,8,-4.745706,37.000000,3,-6.110570,34.000000,7,-13.704625,19.000000,,,,,,
1761058004585,00046,7,6,0,0,5,46,10.062460,67.000000,2,11.735754,70.000000,6,2.752402,52.000000,4,-5.813267,35.000000,3,-6.082869,34.000000,7,-6.488566,33.000000,8,-10.519973,25.000000,,,,,,
1761058004585,00063,7,6,0,0,5,63,14.252168,75.000000,4,16.679854,80.000000,3,-3.436532,39.000000,2,-3.657952,39.000000,6,-6.424146,33.000000,7,-7.511139,31.000000,8,-12.509049,21.000000,,,,,,
1761058004585,00032,7,6,0,0,5,32,13.628037,74.000000,4,6.312537,59.000000,2,0.730682,48.000000,8,-8.175119,30.000000,7,-11.287047,24.000000,6,-12.038020,22.000000,3,-12.944897,20.000000,,,,,,
1761058004685,00009,7,7,0,0,5,9,15.130668,77.000000,2,16.846333,80.000000,7,4.493991,55.000000,6,-0.626902,45.000000,4,-0.831819,45.000000,3,-0.840308,45.000000,8,-16.350738,13.000000,,,,,,
1761058004685,00016,7,7,0,0,5,16,10.576758,68.000000,6,-3.314544,40.000000,7,-3.695998,39.000000,2,-10.187680,26.000000,4,-11.087937,24.000000,3,-14.095740,18.000000,8,-17.840235,10.000000,,,,,,
1761058004685,00038,7,7,0,0,5,38,8.106551,63.000000,2,2.132498,51.000000,8,-2.850605,41.000000,7,-10.104657,26.000000,4,-11.430764,23.000000,6,-17.937612,10.000000,3,-21.205770,4.000000,,,,,,
1761058004685,00004,7,7,0,0,5,4,12.155100,71.000000,2,11.733667,70.000000,6,3.130094,53.000000,4,0.184450,47.000000,3,-3.769022,39.000000,8,-5.101775,36.000000,7,-12.136979,22.000000,,,,,,
1761058004685,00046,7,7,0,0,5,46,11.845639,70.000000,2,13.457751,73.000000,6,4.955965,56.000000,4,-7.054083,32.000000,3,-11.330381,24.000000,7,-11.477632,23.000000,8,-12.380965,21.000000,,,,,,
1761058004685,00063,7,7,0,0,5,63,20.179367,87.000000,4,12.050214,71.000000,3,-1.099103,44.000000,2,-1.765256,43.000000,6,-9.108319,28.000000,8,-10.083236,26.000000,7,-12.429937,21.000000,,,,,,
1761058004685,00032,7,7,0,0,5,32,4.694152,56.000000,4,1.524925,49.000000,2,-3.384339,40.000000,8,-7.899656,30.000000,7,-8.726590,29.000000,6,-12.087842,22.000000,3,-13.579202,19.000000,,,,,,
1761058004785,00009,7,7,0,0,5,9,14.568395,76.000000,2,9.362294,65.000000,4,4.640248,56.000000,3,-0.229686,46.000000,6,-0.733620,45.000000,7,-1.567013,43.000000,8,-17.207841,12.000000,,,,,,
1761058004785,00016,7,7,0,0,5,16,12.523557,72.000000,7,-0.460051,45.000000,6,-3.816123,39.000000,4,-10.422535,25.000000,2,-11.642264,23.000000,8,-15.881584,14.000000,3,-16.679868,13.000000,,,,,,
1761058004785,00038,7,7,0,0,5,38,8.789956,64.000000,2,5.150289,57.000000,8,0.224546,47.000000,4,-11.860120,22.000000,7,-13.131482,20.000000,3,-15.834140,14.000000,6,-19.654032,7.000000,,,,,,
1761058004785,00004,7,7,0,0,5,4,12.700699,72.000000,2,5.619329,58.000000,6,4.619411,56.000000,8,-2.387786,42.000000,4,-7.027411,32.000000,3,-9.528795,27.000000,7,-11.315165,24.000000,,,,,,
1761058004785,00046,7,7,0,0,5,46,4.966606,56.000000,2,10.409629,67.000000,6,2.878916,52.000000,8,-7.870282,30.000000,7,-7.988919,30.000000,3,-8.054135,30.000000,4,-8.257658,30.000000,,,,,,
1761058004785,00063,7,7,0,0,5,63,14.274824,75.000000,4,9.344973,65.000000,3,-2.732948,41.000000,2,-6.765228,33.000000,6,-12.100805,22.000000,8,-12.545080,21.000000,7,-13.463823,19.000000,,,,,,
1761058004785,00032,7,7,0,0,5,32,17.023581,81.000000,2,-2.985565,40.000000,4,-4.731445,37.000000,6,-6.208399,34.000000,7,-6.537300,33.000000,8,-8.368276,29.000000,3,-14.258825,18.000000,,,,,,
1761058004885,00009,6,6,0,0,5,9,20.891718,88.000000,2,8.753885,64.000000,4,2.726106,52.000000,3,1.347210,49.000000,7,-1.881126,43.000000,6,-3.171793,40.000000,8,-9.636360,27.000000,,,,,,
1761058004885,00016,6,6,0,0,5,16,11.115398,69.000000,6,2.184902,51.000000,7,1.998598,50.000000,2,-10.436234,25.000000,8,-11.907241,22.000000,4,-13.411643,19.000000,3,-18.641231,9.000000,,,,,,
1761058004885,00038,6,6,0,0,5,38,10.468266,67.000000,2,2.927325,52.000000,8,-3.434977,39.000000,7,-12.664355,21.000000,4,-13.474881,19.000000,6,-16.115874,14.000000,3,-16.135362,14.000000,,,,,,
1761058004885,00004,6,6,0,0,5,4,12.618367,72.000000,2,4.801942,56.000000,6,0.124842,47.000000,3,-3.532780,39.000000,8,-5.726453,35.000000,4,-7.332169,32.000000,7,-12.764501,21.000000,,,,,,
1761058004885,00063,6,6,0,0,5,63,14.009875,75.000000,4,7.973914,62.000000,3,0.066142,46.000000,2,-4.780213,37.000000,8,-11.719718,23.000000,6,-11.773556,23.000000,7,-15.310692,16.000000,,,,,,
1761058004885,00032,6,6,0,0,5,32,16.208163,79.000000,2,-1.912473,43.000000,8,-2.156236,42.000000,4,-3.719195,39.000000,7,-4.782230,37.000000,6,-9.742653,27.000000,3,-14.592834,17.000000,,,,,,
1761058004985,00009,6,6,0,0,5,9,28.957728,105.000000,2,6.914450,60.000000,4,1.786944,50.000000,7,1.436966,49.000000,3,-3.635675,39.000000,6,-3.639466,39.000000,8,-17.782676,11.000000,,,,,,
1761058004985,00016,6,6,0,0,5,16,7.057390,61.000000,6,3.347227,53.000000,7,-1.658924,43.000000,8,-9.533620,27.000000,2,-11.265907,24.000000,4,-11.954079,22.000000,3,-18.050893,10.000000,,,,,,
1761058004985,00038,6,6,0,0,5,38,9.259177,65.000000,2,-0.528145,45.000000,8,-1.651249,43.000000,7,-13.881002,18.000000,4,-14.409670,17.000000,6,-15.897138,14.000000,3,-17.079965,12.000000,,,,,,
1761058004985,00004,6,6,0,0,5,4,10.186301,67.000000,2,8.503934,64.000000,6,2.565042,52.000000,8,-4.449373,37.000000,3,-7.295567,32.000000,4,-9.173601,28.000000,7,-10.507810,25.000000,,,,,,
1761058004985,00063,6,6,0,0,5,63,15.427195,77.000000,4,10.562576,68.000000,2,-4.704824,37.000000,3,-5.948164,34.000000,8,-13.169743,20.000000,7,-14.847172,16.000000,6,-15.297431,16.000000,,,,,,
1761058004985,00032,6,6,0,0,5,32,14.998376,77.000000,7,-2.840362,41.000000,2,-3.143809,40.000000,4,-4.234378,38.000000,6,-5.956597,34.000000,8,-7.936799,30.000000,3,-15.023840,16.000000,,,,,,
1761058005085,00009,6,6,0,0,5,9,25.852972,98.000000,2,5.090664,57.000000,4,0.467101,47.000000,3,-2.026843,42.000000,6,-2.037492,42.000000,7,-4.368156,38.000000,8,-15.526093,15.000000,,,,,,
1761058005085,00016,6,6,0,0,5,16,9.307698,65.000000,6,0.838208,48.000000,7,-0.814487,45.000000,2,-9.760936,27.000000,4,-14.672392,17.000000,8,-15.509990,15.000000,3,-19.871899,6.000000,,,,,,
1761058005085,00038,6,6,0,0,5,38,9.137680,65.000000,2,-0.753938,45.000000,8,-4.074818,38.000000,7,-9.299000,28.000000,6,-13.058719,20.000000,3,-15.189019,16.000000,4,-16.516501,13.000000,,,,,,
1761058005085,00004,6,6,0,0,5,4,15.091324,77.000000,2,6.075653,59.000000,6,3.840162,54.000000,3,-1.642612,43.000000,8,-4.638027,37.000000,4,-6.618172,33.000000,7,-8.547886,29.000000,,,,,,
1761058005085,00063,6,6,0,0,5,63,17.538717,82.000000,4,7.945982,62.000000,3,-2.695322,41.000000,2,-4.277433,38.000000,6,-12.680560,21.000000,8,-14.188021,18.000000,7,-20.499821,5.000000,,,,,,
1761058005085,00032,6,6,0,0,5,32,10.067491,67.000000,2,1.208212,49.000000,3,-5.461067,35.000000,6,-5.566672,35.000000,4,-6.398119,33.000000,7,-6.768288,33.000000,8,-9.076679,28.000000,,,,,,
1761058005185,00009,6,6,0,0,5,9,22.994490,93.000000,2,7.042565,61.000000,4,2.581429,52.000000,3,-0.678970,45.000000,6,-2.949934,40.000000,7,-5.887197,34.000000,8,-19.979983,6.000000,,,,,,
1761058005185,00016,6,6,0,0,5,16,14.412880,75.000000,6,1.760565,50.000000,7,0.481819,47.000000,2,-5.613442,35.000000,4,-14.016898,18.000000,8,-17.901110,10.000000,3,-22.418547,1.000000,,,,,,
1761058005185,00038,6,6,0,0,5,38,8.227452,63.000000,2,-3.084369,40.000000,8,-3.221421,40.000000,7,-9.610549,27.000000,6,-10.261312,26.000000,4,-13.215223,20.000000,3,-16.555569,13.000000,,,,,,
1761058005185,00004,6,6,0,0,5,4,9.185880,65.000000,2,7.958832,62.000000,6,4.048465,55.000000,3,-1.532140,43.000000,8,-2.163080,42.000000,4,-7.592300,31.000000,7,-7.775728,31.000000,,,,,,
1761058005185,00063,6,6,0,0,5,63,14.652248,76.000000,4,7.055598,61.000000,2,-4.058970,38.000000,3,-6.340177,34.000000,8,-8.680371,29.000000,6,-8.909571,28.000000,7,-21.775110,2.000000,,,,,,
1761058005185,00032,6,6,0,0,5,32,12.483203,72.000000,7,-1.446501,43.000000,2,-2.604772,41.000000,4,-2.608303,41.000000,6,-7.595177,31.000000,3,-7.750867,31.000000,8,-11.308708,24.000000,,,,,,
1761058005285,00009,6,6,0,0,5,9,32.771468,112.000000,2,4.181115,55.000000,4,4.043043,55.000000,6,-0.992297,44.000000,3,-2.129009,42.000000,7,-9.069427,28.000000,8,-18.741449,9.000000,,,,,,
1761058005285,00016,6,6,0,0,5,16,15.818248,78.000000,6,1.575859,50.000000,7,-1.021974,44.000000,2,-4.054370,38.000000,4,-15.522297,15.000000,8,-15.971054,14.000000,3,-17.362784,11.000000,,,,,,
1761058005285,00038,6,6,0,0,5,38,3.014639,52.000000,2,-0.202148,46.000000,8,-1.131426,44.000000,7,-11.020868,24.000000,6,-11.595872,23.000000,4,-14.328316,17.000000,3,-17.385348,11.000000,,,,,,
1761058005285,00004,6,6,0,0,5,4,3.225491,53.000000,6,4.356466,55.000000,2,0.907250,48.000000,3,-1.924576,42.000000,8,-8.263770,30.000000,4,-8.836008,29.000000,7,-9.499171,27.000000,,,,,,
1761058005285,00063,6,6,0,0,5,63,16.005760,79.000000,4,7.417099,61.000000,3,-6.256900,34.000000,2,-6.491351,33.000000,8,-8.775892,29.000000,6,-10.606664,25.000000,7,-24.730894,0.000000,,,,,,
1761058005285,00032,6,6,0,0,5,32,8.850608,64.000000,3,5.079950,57.000000,7,-3.239911,40.000000,2,-4.779099,37.000000,4,-4.912314,36.000000,6,-10.259195,26.000000,8,-15.969413,14.000000,,,,,,
1761058005385,00009,6,6,0,0,5,9,24.492115,96.000000,2,6.172085,59.000000,4,4.260853,55.000000,6,0.833826,48.000000,7,-5.176803,36.000000,3,-5.302699,36.000000,8,-17.234749,12.000000,,,,,,
1761058005385,00016,6,6,0,0,5,16,16.178449,79.000000,7,0.006448,46.000000,6,-1.615906,43.000000,2,-10.591497,25.000000,4,-15.864282,14.000000,3,-16.026923,14.000000,8,-16.743190,13.000000,,,,,,
1761058005385,00038,6,6,0,0,5,38,7.508347,62.000000,2,-2.706889,41.000000,8,-3.753158,39.000000,7,-9.954335,26.000000,6,-11.242110,24.000000,4,-13.754643,19.000000,3,-16.096906,14.000000,,,,,,
1761058005385,00004,6,6,0,0,5,4,10.937279,68.000000,6,7.440726,61.000000,2,4.286520,55.000000,8,-2.708570,41.000000,3,-4.648276,37.000000,7,-5.934558,34.000000,4,-10.978128,24.000000,,,,,,
1761058005385,00063,6,6,0,0,5,63,12.942837,72.000000,4,12.110325,71.000000,3,-5.107400,36.000000,8,-5.282384,36.000000,2,-6.303597,34.000000,6,-11.673879,23.000000,7,-24.307767,0.000000,,,,,,
1761058005385,00032,6,6,0,0,5,32,8.576931,64.000000,4,-1.433416,43.000000,2,-3.050899,40.000000,7,-3.170311,40.000000,3,-3.765015,39.000000,6,-4.440545,37.000000,8,-12.967039,20.000000,,,,,,
1761058005485,00009,5,5,0,0,5,9,29.220854,105.000000,2,3.059895,53.000000,6,-3.794473,39.000000,4,-4.350461,38.000000,3,-4.435472,37.000000,7,-7.642703,31.000000,8,-15.109977,16.000000,,,,,,
1761058005485,00016,5,5,0,0,5,16,20.565922,88.000000,6,-1.907316,43.000000,7,-3.296725,40.000000,2,-7.329204,32.000000,4,-15.647579,15.000000,8,-15.674291,15.000000,3,-16.293126,14.000000,,,,,,
1761058005485,00038,5,5,0,0,5,38,4.693959,56.000000,6,2.388337,51.000000,2,-0.598269,45.000000,8,-5.717994,35.000000,7,-5.947050,34.000000,4,-9.478481,27.000000,3,-13.046646,20.000000,,,,,,
1761058005485,00063,5,5,0,0,5,63,9.536968,66.000000,4,14.989544,77.000000,2,-5.967711,34.000000,8,-7.059777,32.000000,3,-7.913616,30.000000,6,-10.198481,26.000000,7,-23.274049,0.000000,,,,,,
1761058005485,00032,5,5,0,0,5,32,3.328002,53.000000,6,-3.444515,39.000000,7,-4.043216,38.000000,2,-4.446361,37.000000,4,-5.395342,35.000000,3,-6.184830,34.000000,8,-14.587003,17.000000,,,,,,
1761058005585,00009,6,5,0,0,5,9,27.230245,101.000000,2,2.677075,52.000000,4,1.234551,49.000000,6,-4.560023,37.000000,3,-7.485289,31.000000,7,-10.692338,25.000000,8,-14.239909,18.000000,,,,,,
1761058005585,00016,6,5,0,0,5,16,17.511386,82.000000,6,-0.661429,45.000000,7,-3.771790,39.000000,2,-9.862060,26.000000,3,-16.109222,14.000000,4,-16.556092,13.000000,8,-19.729631,7.000000,,,,,,
1761058005585,00038,6,5,0,0,5,38,4.086747,55.000000,6,3.039761,52.000000,2,-1.718811,43.000000,8,-6.473828,33.000000,4,-10.432002,25.000000,7,-10.838172,25.000000,3,-11.569216,23.000000,,,,,,
1761058005585,00063,6,5,0,0,5,63,10.855447,68.000000,4,15.977147,79.000000,3,-1.125112,44.000000,2,-5.220900,36.000000,8,-7.440155,31.000000,6,-10.789870,25.000000,7,-21.187094,4.000000,,,,,,
1761058005585,00032,6,5,0,0,5,32,-0.197578,46.000000,6,-1.031665,44.000000,4,-3.316461,40.000000,2,-5.371375,36.000000,3,-5.576456,35.000000,7,-7.503405,31.000000,8,-15.919778,14.000000,,,,,,
1761058005585,00054,6,5,0,0,5,54,24.604196,96.000000,6,11.327166,69.000000,4,10.595958,68.000000,2,7.830200,62.000000,3,1.860789,50.000000,7,-6.654649,33.000000,8,-8.166016,30.000000,,,,,,
1761058005685,00009,5,5,0,0,5,9,26.379658,100.000000,2,6.115356,59.000000,4,0.864881,48.000000,6,-0.404059,46.000000,3,-12.174022,22.000000,8,-13.426302,19.000000,7,-18.309840,9.000000,,,,,,
1761058005685,00016,5,5,0,0,5,16,18.826897,84.000000,7,-1.350515,44.000000,6,-3.132539,40.000000,2,-8.027720,30.000000,3,-12.268201,22.000000,4,-15.813191,14.000000,8,-17.784984,11.000000,,,,,,
1761058005685,00038,5,5,0,0,5,38,3.974028,54.000000,6,15.605748,78.000000,2,-0.379084,46.000000,8,-5.525420,35.000000,7,-10.074731,26.000000,4,-11.203219,24.000000,3,-11.597995,23.000000,,,,,,
1761058005685,00032,5,5,0,0,5,32,2.386813,51.000000,4,-3.615212,39.000000,2,-3.641081,39.000000,7,-3.653560,39.000000,6,-4.469649,37.000000,3,-7.752052,31.000000,8,-16.966648,12.000000,,,,,,
1761058005685,00054,5,5,0,0,5,54,23.398472,94.000000,4,13.247894,73.000000,6,6.746047,60.000000,3,3.369569,53.000000,2,-1.175932,44.000000,8,-4.745861,37.000000,7,-5.002562,36.000000,,,,,,
1761058005785,00009,4,4,0,0,5,9,26.824200,100.000000,2,3.632466,54.000000,4,-1.139783,44.000000,6,-4.857262,37.000000,3,-7.603718,31.000000,7,-13.439354,19.000000,8,-17.025148,12.000000,,,,,,
1761058005785,00016,4,4,0,0,5,16,18.953500,85.000000,6,-1.189706,44.000000,7,-3.737754,39.000000,2,-12.441335,21.000000,4,-15.264877,16.000000,8,-15.758656,15.000000,3,-17.303230,11.000000,,,,,,
1761058005785,00032,4,4,0,0,5,32,1.249617,49.000000,7,-2.432077,41.000000,6,-3.115026,40.000000,4,-3.733116,39.000000,2,-6.184966,34.000000,3,-6.513248,33.000000,8,-14.453547,17.000000,,,,,,
1761058005785,00054,4,4,0,0,5,54,24.646085,96.000000,4,12.648897,72.000000,3,3.854665,54.000000,2,0.789530,48.000000,6,-1.158907,44.000000,7,-5.809256,35.000000,8,-6.924001,32.000000,,,,,,
1761058005885,00009,4,4,0,0,5,9,28.136413,103.000000,4,0.241423,47.000000,2,-0.551176,45.000000,6,-2.573908,41.000000,3,-5.304842,36.000000,7,-11.956465,22.000000,8,-12.341975,21.000000,,,,,,
1761058005885,00016,4,4,0,0,5,16,19.141845,85.000000,2,2.776859,52.000000,7,-2.653237,41.000000,6,-3.619321,39.000000,8,-13.050631,20.000000,4,-15.182634,16.000000,3,-15.331936,15.000000,,,,,,
1761058005885,00032,4,4,0,0,5,32,6.404617,59.000000,6,-1.965481,42.000000,7,-3.941679,38.000000,2,-4.066521,38.000000,8,-5.042611,36.000000,4,-5.868815,35.000000,3,-6.836059,33.000000,,,,,,
1761058005885,00054,4,4,0,0,5,54,23.192619,93.000000,4,11.706578,70.000000,2,5.584067,58.000000,6,2.919730,52.000000,3,1.965398,50.000000,7,-1.830965,43.000000,8,-9.373755,27.000000,,,,,,
1761058005985,00009,4,4,0,0,5,9,27.566696,102.000000,4,3.890552,54.000000,2,0.171942,47.000000,6,-4.436410,37.000000,8,-10.810065,25.000000,3,-11.064661,24.000000,7,-12.161322,22.000000,,,,,,
1761058005985,00016,4,4,0,0,5,16,23.775332,94.000000,2,1.430409,49.000000,6,-0.963727,44.000000,7,-4.960651,36.000000,3,-13.126891,20.000000,8,-13.374865,19.000000,4,-15.809385,14.000000,,,,,,
1761058005985,00032,4,4,0,0,5,32,5.670158,58.000000,6,0.046464,46.000000,2,-1.260850,44.000000,3,-4.492233,37.000000,8,-4.997195,36.000000,4,-7.114048,32.000000,7,-9.721263,27.000000,,,,,,
1761058005985,00054,4,4,0,0,5,54,21.040484,89.000000,4,10.255256,67.000000,3,3.977035,54.000000,2,3.580704,54.000000,7,-3.746247,39.000000,6,-8.593210,29.000000,8,-11.923204,22.000000,,,,,,
1761058006085,00009,4,4,0,0,5,9,27.238176,101.000000,4,-1.100507,44.000000,3,-2.930238,40.000000,6,-4.131309,38.000000,2,-6.046695,34.000000,7,-10.623520,25.000000,8,-12.681716,21.000000,,,,,,
1761058006085,00016,4,4,0,0,5,16,21.607518,90.000000,4,1.450690,49.000000,6,-1.527749,43.000000,2,-1.791737,43.000000,7,-2.219060,42.000000,8,-10.722171,25.000000,3,-11.013894,24.000000,,,,,,
1761058006085,00032,4,4,0,0,5,32,8.041621,63.000000,6,0.783399,48.000000,2,0.418197,47.000000,4,-3.701899,39.000000,3,-4.394933,38.000000,8,-5.200320,36.000000,7,-7.235077,32.000000,,,,,,
1761058006085,00054,4,4,0,0,5,54,22.637411,92.000000,4,10.178663,67.000000,2,5.352841,57.000000,3,2.749162,52.000000,6,-4.463609,37.000000,7,-4.675766,37.000000,8,-11.196139,24.000000,,,,,,
1761058006185,00009,5,4,0,0,5,9,27.143207,101.000000,4,-0.042430,46.000000,6,-1.815508,43.000000,2,-1.934927,42.000000,7,-6.504308,33.000000,3,-8.310748,30.000000,8,-14.819982,16.000000,,,,,,
1761058006185,00016,5,4,0,0,5,16,24.535414,96.000000,7,0.271528,47.000000,2,-1.250931,44.000000,6,-4.312549,38.000000,4,-5.548826,35.000000,8,-11.062953,24.000000,3,-12.218290,22.000000,,,,,,
1761058006185,00032,5,4,0,0,5,32,4.566188,56.000000,8,-1.203553,44.000000,6,-1.359800,44.000000,3,-4.107221,38.000000,2,-4.272832,38.000000,7,-4.980833,36.000000,4,-5.792426,35.000000,,,,,,
1761058006185,00054,5,4,0,0,5,54,28.408713,104.000000,4,14.302553,75.000000,2,6.165971,59.000000,3,4.874302,56.000000,6,-0.776653,45.000000,7,-3.472084,39.000000,8,-13.057057,20.000000,,,,,,
1761058006185,00063,5,4,0,0,5,63,12.051733,71.000000,4,9.938672,66.000000,2,-5.421293,35.000000,3,-8.572125,29.000000,8,-8.890540,28.000000,6,-10.670070,25.000000,7,-15.085710,16.000000,,,,,,
1761058006285,00009,5,5,0,0,5,9,28.573028,104.000000,4,3.871514,54.000000,6,-0.113581,46.000000,2,-3.129169,40.000000,3,-5.715871,35.000000,7,-6.347042,34.000000,8,-13.240112,20.000000,,,,,,
1761058006285,00016,5,5,0,0,5,16,23.611123,94.000000,2,4.821524,56.000000,6,1.130918,49.000000,4,-1.630622,43.000000,7,-8.519357,29.000000,8,-13.563138,19.000000,3,-13.843998,18.000000,,,,,,
1761058006285,00032,5,5,0,0,5,32,8.381505,63.000000,7,-0.520439,45.000000,6,-2.074759,42.000000,2,-2.870544,41.000000,8,-2.933038,40.000000,4,-3.125024,40.000000,3,-6.423364,33.000000,,,,,,
1761058006285,00054,5,5,0,0,5,54,26.866718,101.000000,4,12.607642,72.000000,3,5.293258,57.000000,2,3.386967,53.000000,7,-9.352834,28.000000,8,-12.159955,22.000000,6,-12.846016,20.000000,,,,,,
1761058006285,00063,5,5,0,0,5,63,10.916925,68.000000,4,16.916052,80.000000,2,-1.165165,44.000000,3,-11.400043,23.000000,6,-12.467635,21.000000,8,-12.894889,20.000000,7,-18.718534,9.000000,,,,,,
1761058006385,00009,4,4,0,0,5,9,26.520227,100.000000,4,3.764670,54.000000,3,-2.079111,42.000000,6,-5.745978,35.000000,2,-7.244074,32.000000,7,-11.367685,23.000000,8,-16.800319,12.000000,,,,,,
1761058006385,00016,4,4,0,0,5,16,28.085681,103.000000,6,2.835810,52.000000,2,0.703383,48.000000,4,-2.332886,42.000000,8,-7.963313,30.000000,7,-8.308331,30.000000,3,-14.440021,17.000000,,,,,,
1761058006385,00032,4,4,0,0,5,32,9.649402,66.000000,2,-2.263129,42.000000,6,-3.894820,39.000000,7,-5.221032,36.000000,8,-5.783749,35.000000,3,-5.899189,34.000000,4,-6.018808,34.000000,,,,,,
1761058006385,00054,4,4,0,0,5,54,29.765036,106.000000,4,9.802022,66.000000,3,9.400542,65.000000,2,3.526495,53.000000,7,-5.178423,36.000000,6,-8.948886,28.000000,8,-10.717611,25.000000,,,,,,
1761058006485,00009,5,5,0,0,5,9,28.530135,104.000000,4,2.444420,51.000000,3,-0.773650,45.000000,6,-4.947804,36.000000,2,-5.839072,35.000000,8,-11.501413,23.000000,7,-14.550682,17.000000,,,,,,
1761058006485,00016,5,5,0,0,5,16,27.330892,101.000000,2,2.869135,52.000000,6,1.234698,49.000000,4,0.046656,46.000000,8,-8.541332,29.000000,7,-9.224972,28.000000,3,-11.286181,24.000000,,,,,,
1761058006485,00032,5,5,0,0,5,32,8.899060,64.000000,3,0.108020,47.000000,4,-0.298455,46.000000,6,-0.880930,45.000000,2,-2.828660,41.000000,8,-3.036048,40.000000,7,-6.697820,33.000000,,,,,,
1761058006485,00054,5,5,0,0,5,54,32.576107,112.000000,4,16.821573,80.000000,3,7.093227,61.000000,2,1.679793,50.000000,7,-7.806633,31.000000,6,-11.082997,24.000000,8,-16.095814,14.000000,,,,,,
1761058006485,00031,5,5,0,0,5,31,10.673585,68.000000,6,11.324812,69.000000,4,3.902144,54.000000,7,-0.429126,46.000000,2,-8.560161,29.000000,8,-10.615057,25.000000,3,-12.416022,21.000000,,,,,,
1761058006585,00009,6,5,0,0,5,9,24.523705,96.000000,4,1.204168,49.000000,3,-0.408536,46.000000,2,-3.912791,38.000000,6,-6.530786,33.000000,8,-9.785788,27.000000,7,-13.492664,19.000000,,,,,,
1761058006585,00016,6,5,0,0,5,16,27.734458,102.000000,6,2.645915,52.000000,2,0.871185,48.000000,4,-0.087192,46.000000,8,-10.664823,25.000000,7,-11.503379,23.000000,3,-12.375119,21.000000,,,,,,
1761058006585,00032,6,5,0,0,5,32,8.760770,64.000000,4,1.806173,50.000000,8,-1.364746,44.000000,2,-3.058565,40.000000,6,-3.649066,39.000000,7,-4.237269,38.000000,3,-7.894992,30.000000,,,,,,
1761058006585,00054,6,5,0,0,5,54,26.584271,100.000000,4,18.044479,83.000000,2,5.667868,58.000000,3,5.548522,58.000000,7,-5.062367,36.000000,6,-8.504824,29.000000,8,-14.374374,17.000000,,,,,,
1761058006585,00031,6,5,0,0,5,31,12.271584,71.000000,6,7.978467,62.000000,4,1.689445,50.000000,7,-0.644732,45.000000,2,-2.354218,42.000000,8,-7.255437,32.000000,3,-16.477860,13.000000,,,,,,
1761058006585,00045,6,5,0,0,5,45,14.943619,76.000000,2,11.723508,70.000000,8,-0.712996,45.000000,6,-2.389109,42.000000,7,-3.600128,39.000000,4,-6.794151,33.000000,3,-9.946362,26.000000,,,,,,
1761058006685,00009,6,6,0,0,5,9,22.253055,91.000000,3,-0.125674,46.000000,2,-2.735404,41.000000,4,-4.304940,38.000000,8,-6.438409,33.000000,6,-10.260108,26.000000,7,-16.203943,14.000000,,,,,,
1761058006685,00016,6,6,0,0,5,16,14.304595,75.000000,6,2.095895,51.000000,2,1.886710,50.000000,4,-2.960865,40.000000,7,-7.436558,31.000000,8,-10.285381,26.000000,3,-14.400893,17.000000,,,,,,
1761058006685,00032,6,6,0,0,5,32,8.675924,64.000000,4,4.243224,55.000000,6,-3.095342,40.000000,2,-4.193886,38.000000,7,-4.790851,37.000000,8,-7.521082,31.000000,3,-9.538444,27.000000,,,,,,
1761058006685,00054,6,6,0,0,5,54,32.714152,112.000000,4,16.395971,79.000000,3,7.171371,61.000000,2,5.074316,57.000000,7,-9.180556,28.000000,6,-9.317407,28.000000,8,-16.513667,13.000000,,,,,,
1761058006685,00031,6,6,0,0,5,31,7.309864,61.000000,6,9.107136,65.000000,4,3.790229,54.000000,2,-2.563855,41.000000,7,-2.758800,41.000000,8,-9.694126,27.000000,3,-15.373439,15.000000,,,,,,
1761058006685,00045,6,6,0,0,5,45,10.648817,68.000000,2,6.158493,59.000000,8,1.456648,49.000000,6,-0.794684,45.000000,4,-3.720412,39.000000,7,-5.836853,35.000000,3,-10.528107,25.000000,,,,,,
1761058006785,00009,6,6,0,0,5,9,15.383925,77.000000,3,-3.311519,40.000000,4,-4.866394,37.000000,2,-4.937809,36.000000,8,-9.745845,27.000000,6,-13.365263,19.000000,7,-16.997435,12.000000,,,,,,
1761058006785,00016,6,6,0,0,5,16,14.976206,77.000000,6,1.039260,48.000000,4,0.778608,48.000000,2,0.543687,47.000000,8,-8.395071,29.000000,7,-8.627736,29.000000,3,-15.263674,16.000000,,,,,,
1761058006785,00032,6,6,0,0,5,32,8.565690,64.000000,4,2.491964,51.000000,2,-2.286543,42.000000,6,-3.540044,39.000000,7,-8.551790,29.000000,8,-9.373173,27.000000,3,-11.730915,23.000000,,,,,,
1761058006785,00054,6,6,0,0,5,54,28.512442,104.000000,4,15.115048,77.000000,2,2.331820,51.000000,3,0.655073,48.000000,6,-8.456683,29.000000,7,-8.846059,29.000000,8,-19.929975,6.000000,,,,,,
1761058006785,00031,6,6,0,0,5,31,8.584969,64.000000,6,10.037319,67.000000,4,4.707462,56.000000,7,-0.906631,45.000000,2,-5.073273,36.000000,8,-8.769619,29.000000,3,-15.412564,15.000000,,,,,,
1761058006785,00045,6,6,0,0,5,45,15.307255,77.000000,2,6.103793,59.000000,8,0.341543,47.000000,6,-3.454357,39.000000,4,-6.574938,33.000000,7,-7.032579,32.000000,3,-10.536697,25.000000,,,,,,
1761058006885,00009,5,5,0,0,5,9,18.639623,84.000000,4,-2.248267,42.000000,3,-2.942990,40.000000,2,-6.727609,33.000000,8,-11.087895,24.000000,6,-14.368278,17.000000,7,-15.134861,16.000000,,,,,,
1761058006885,00016,5,5,0,0,5,16,26.076291,99.000000,2,2.507539,51.000000,6,-0.215924,46.000000,4,-0.787653,45.000000,7,-7.306424,32.000000,8,-9.220153,28.000000,3,-15.339673,15.000000,,,,,,
1761058006885,00032,5,5,0,0,5,32,10.168788,67.000000,4,1.973571,50.000000,2,-4.169879,38.000000,6,-4.532950,37.000000,7,-7.088005,32.000000,3,-8.092654,30.000000,8,-9.342274,28.000000,,,,,,
1761058006885,00054,5,5,0,0,5,54,29.047269,105.000000,4,11.056589,69.000000,2,9.138931,65.000000,3,1.700738,50.000000,6,-7.987466,30.000000,7,-11.028775,24.000000,8,-16.988359,12.000000,,,,,,
1761058006885,00045,5,5,0,0,5,45,14.681583,76.000000,2,5.758148,58.000000,8,-4.076365,38.000000,6,-4.853991,37.000000,7,-5.272741,36.000000,4,-7.174987,32.000000,3,-12.505134,21.000000,,,,,,
1761058006985,00009,5,5,0,0,5,9,20.842791,88.000000,3,-3.566581,39.000000,4,-4.654121,37.000000,2,-9.296239,28.000000,6,-10.871187,24.000000,7,-13.402519,19.000000,8,-14.271065,18.000000,,,,,,
1761058006985,00016,5,5,0,0,5,16,20.649627,88.000000,4,2.202463,51.000000,6,1.808645,50.000000,2,0.649145,48.000000,8,-5.906407,34.000000,7,-7.040525,32.000000,3,-11.543489,23.000000,,,,,,
1761058006985,00032,5,5,0,0,5,32,8.396870,63.000000,4,4.209094,55.000000,2,-1.375219,44.000000,3,-3.299042,40.000000,6,-3.600622,39.000000,7,-10.925207,24.000000,8,-11.952945,22.000000,,,,,,
1761058006985,00054,5,5,0,0,5,54,28.047966,103.000000,4,13.995627,75.000000,2,9.826117,66.000000,3,-0.033580,46.000000,6,-9.444776,27.000000,7,-10.280576,26.000000,8,-11.756199,23.000000,,,,,,
1761058006985,00045,5,5,0,0,5,45,13.974623,75.000000,2,3.914935,54.000000,6,0.555767,47.000000,8,-0.532522,45.000000,7,-5.416772,35.000000,3,-6.110408,34.000000,4,-6.553684,33.000000,,,,,,
1761058007085,00009,5,5,0,0,5,9,19.031908,85.000000,4,-2.226480,42.000000,3,-3.734875,39.000000,2,-8.959738,28.000000,6,-9.192143,28.000000,8,-13.033725,20.000000,7,-18.616779,9.000000,,,,,,
1761058007085,00016,5,5,0,0,5,16,17.226928,81.000000,2,7.161400,61.000000,6,-0.277194,46.000000,4,-1.985182,42.000000,7,-6.673283,33.000000,8,-7.157407,32.000000,3,-15.083623,16.000000,,,,,,
1761058007085,00032,5,5,0,0,5,32,5.068904,57.000000,4,10.757277,68.000000,2,8.091414,63.000000,3,-3.254991,40.000000,6,-7.805304,31.000000,7,-8.205087,30.000000,8,-9.766711,27.000000,,,,,,
1761058007085,00054,5,5,0,0,5,54,26.277354,99.000000,2,7.900867,62.000000,4,7.493798,61.000000,3,2.266382,51.000000,7,-7.642612,31.000000,8,-12.783900,21.000000,6,-14.749234,17.000000,,,,,,
1761058007085,00045,5,5,0,0,5,45,14.619758,76.000000,2,7.715510,62.000000,8,1.114386,49.000000,6,-3.439057,39.000000,7,-4.213876,38.000000,4,-5.210454,36.000000,3,-9.311125,28.000000,,,,,,
1761058007185,00009,6,5,0,0,5,9,21.855250,90.000000,4,-3.190200,40.000000,3,-5.726242,35.000000,2,-7.540097,31.000000,6,-8.935411,28.000000,8,-13.618721,19.000000,7,-17.152416,12.000000,,,,,,
1761058007185,00016,6,5,0,0,5,16,27.100712,101.000000,6,5.392460,57.000000,2,2.822705,52.000000,4,1.260149,49.000000,7,-5.126313,36.000000,8,-6.253024,34.000000,3,-18.012612,10.000000,,,,,,
1761058007185,00032,6,5,0,0,5,32,7.908968,62.000000,2,5.969434,58.000000,4,2.006310,50.000000,3,-2.823986,41.000000,6,-5.084177,36.000000,8,-6.781705,33.000000,7,-11.118313,24.000000,,,,,,
1761058007185,00054,6,5,0,0,5,54,22.245020,91.000000,4,7.009032,60.000000,3,3.452734,53.000000,2,3.319657,53.000000,7,-6.428549,33.000000,6,-9.087566,28.000000,8,-11.158644,24.000000,,,,,,
1761058007185,00045,6,5,0,0,5,45,11.933615,70.000000,2,8.179492,63.000000,6,-1.158216,44.000000,8,-3.701322,39.000000,4,-5.026123,36.000000,3,-7.938366,30.000000,7,-8.310658,30.000000,,,,,,
1761058007185,00038,6,5,0,0,5,38,7.447864,61.000000,6,7.177554,61.000000,2,-6.120848,34.000000,3,-6.168456,34.000000,7,-8.186482,30.000000,4,-16.277155,14.000000,8,-17.104810,12.000000,,,,,,
1761058007285,00009,8,7,0,0,5,9,15.831830,78.000000,4,-2.335743,42.000000,3,-3.043008,40.000000,6,-6.854568,33.000000,2,-8.868800,28.000000,8,-12.349063,21.000000,7,-21.076166,4.000000,,,,,,
1761058007285,00016,8,7,0,0,5,16,29.252720,105.000000,6,4.193624,55.000000,2,3.435207,53.000000,4,2.060689,51.000000,7,-3.655646,39.000000,8,-8.424827,29.000000,3,-18.715488,9.000000,,,,,,
1761058007285,00032,8,7,0,0,5,32,10.916170,68.000000,2,12.693923,72.000000,4,3.466201,53.000000,3,0.608535,48.000000,6,-4.220285,38.000000,8,-4.546697,37.000000,7,-12.893766,20.000000,,,,,,
1761058007285,00054,8,7,0,0,5,54,19.588616,86.000000,4,6.327187,59.000000,2,5.126819,57.000000,3,-0.670088,45.000000,6,-11.514052,23.000000,7,-12.110604,22.000000,8,-12.595645,21.000000,,,,,,
1761058007285,00045,8,7,0,0,5,45,11.256947,69.000000,2,11.929444,70.000000,6,-1.875405,43.000000,8,-2.658431,41.000000,4,-3.603941,39.000000,3,-5.417355,35.000000,7,-12.814814,21.000000,,,,,,
1761058007285,00038,8,7,0,0,5,38,11.769473,70.000000,6,7.630923,62.000000,2,-3.386976,40.000000,3,-5.463549,35.000000,7,-5.955630,34.000000,4,-17.132460,12.000000,8,-22.177755,2.000000,,,,,,
1761058007285,00046,8,7,0,0,5,46,7.312109,61.000000,6,3.567127,54.000000,7,-1.434361,43.000000,4,-2.381790,42.000000,8,-7.477272,31.000000,3,-8.117659,30.000000,2,-8.694298,29.000000,,,,,,
1761058007285,00001,8,7,0,0,5,1,9.696154,66.000000,7,6.572337,60.000000,8,1.923464,50.000000,6,1.515606,49.000000,3,0.639403,48.000000,2,-5.152834,36.000000,4,-6.229992,34.000000,,,,,,
1761058007385,00009,7,7,0,0,5,9,20.012851,87.000000,4,2.211807,51.000000,3,-7.779765,31.000000,2,-8.833187,29.000000,6,-11.548171,23.000000,8,-14.836824,16.000000,7,-16.056537,14.000000,,,,,,
1761058007385,00016,7,7,0,0,5,16,27.941059,103.000000,6,5.883579,58.000000,2,4.806719,56.000000,4,2.875868,52.000000,7,-4.872622,37.000000,8,-4.908102,36.000000,3,-18.067762,10.000000,,,,,,
1761058007385,00054,7,7,0,0,5,54,25.259466,97.000000,4,5.611668,58.000000,2,-0.997586,44.000000,3,-2.700767,41.000000,7,-8.535666,29.000000,6,-11.798670,23.000000,8,-14.705339,17.000000,,,,,,
1761058007385,00045,7,7,0,0,5,45,14.167375,75.000000,2,11.783921,70.000000,8,-2.712543,41.000000,6,-3.536690,39.000000,4,-6.441550,33.000000,3,-6.585193,33.000000,7,-6.833699,33.000000,,,,,,
1761058007385,00038,7,7,0,0,5,38,8.934583,64.000000,6,9.557842,66.000000,7,-3.607691,39.000000,2,-6.298049,34.000000,3,-9.701406,27.000000,4,-16.015186,14.000000,8,-17.724211,11.000000,,,,,,
1761058007385,00046,7,7,0,0,5,46,7.242659,61.000000,6,7.181993,61.000000,4,0.098785,47.000000,7,-2.883820,41.000000,2,-6.217806,34.000000,3,-7.762128,31.000000,8,-11.146895,24.000000,,,,,,
1761058007385,00001,7,7,0,0,5,1,12.351258,71.000000,8,7.561509,62.000000,7,7.075413,61.000000,6,1.960600,50.000000,3,-0.062512,46.000000,4,-2.125241,42.000000,2,-10.683943,25.000000,,,,,,
1761058007485,00009,7,7,0,0,5,9,18.211382,83.000000,4,0.718105,48.000000,3,-7.973079,30.000000,6,-9.116501,28.000000,2,-9.213989,28.000000,7,-16.320416,13.000000,8,-16.516927,13.000000,,,,,,
1761058007485,00016,7,7,0,0,5,16,25.656570,98.000000,6,6.170637,59.000000,4,1.563633,50.000000,2,1.433113,49.000000,8,-4.245595,38.000000,7,-4.389859,38.000000,3,-18.420958,9.000000,,,,,,
1761058007485,00054,7,7,0,0,5,54,13.518610,74.000000,4,5.250375,57.000000,2,0.152814,47.000000,7,-4.113897,38.000000,3,-5.077610,36.000000,6,-12.913072,20.000000,8,-14.957266,16.000000,,,,,,
1761058007485,00045,7,7,0,0,5,45,12.616506,72.000000,2,15.205147,77.000000,6,2.044185,50.000000,8,-2.732363,41.000000,7,-6.655395,33.000000,3,-7.302311,32.000000,4,-8.423401,29.000000,,,,,,
1761058007485,00038,7,7,0,0,5,38,11.619985,70.000000,6,6.280781,59.000000,2,-3.162701,40.000000,7,-5.325638,36.000000,3,-9.215790,28.000000,4,-15.291230,16.000000,8,-16.965212,12.000000,,,,,,
1761058007485,00046,7,7,0,0,5,46,4.819661,56.000000,6,3.241814,53.000000,4,1.182104,49.000000,7,0.654710,48.000000,3,-5.975773,34.000000,8,-7.935091,30.000000,2,-8.238210,30.000000,,,,,,
1761058007485,00001,7,7,0,0,5,1,14.344203,75.000000,8,7.047896,61.000000,7,3.712237,54.000000,6,3.136107,53.000000,3,2.980143,52.000000,4,-1.605343,43.000000,2,-9.384010,27.000000,,,,,,
1761058007585,00009,7,7,0,0,5,9,16.592663,80.000000,4,5.413736,57.000000,3,-2.100128,42.000000,6,-5.407496,35.000000,2,-9.260940,28.000000,8,-14.861138,16.000000,7,-15.849916,14.000000,,,,,,
1761058007585,00016,7,7,0,0,5,16,26.099286,99.000000,2,5.933045,58.000000,6,4.343284,55.000000,4,0.672306,48.000000,8,-4.613379,37.000000,7,-5.829117,35.000000,3,-15.737955,15.000000,,,,,,
1761058007585,00054,7,7,0,0,5,54,15.898236,78.000000,4,6.698565,60.000000,7,6.079150,59.000000,2,3.500489,53.000000,3,-6.528094,33.000000,6,-10.463778,25.000000,8,-17.573897,11.000000,,,,,,
1761058007585,00045,7,7,0,0,5,45,13.939198,74.000000,2,14.041706,75.000000,8,4.415473,55.000000,6,-1.201412,44.000000,7,-4.552993,37.000000,4,-4.665179,37.000000,3,-5.598815,35.000000,,,,,,
1761058007585,00038,7,7,0,0,5,38,11.579482,70.000000,6,3.287935,53.000000,2,-3.123772,40.000000,7,-5.869570,35.000000,3,-15.671656,15.000000,4,-16.708661,13.000000,8,-20.179530,6.000000,,,,,,
1761058007585,00046,7,7,0,0,5,46,5.742609,58.000000,6,4.550267,56.000000,4,3.840514,54.000000,7,-0.485411,45.000000,8,-4.729496,37.000000,2,-5.126242,36.000000,3,-10.330174,26.000000,,,,,,
1761058007585,00001,7,7,0,0,5,1,14.246344,75.000000,6,6.246855,59.000000,7,5.811304,58.000000,8,4.193869,55.000000,3,4.022804,54.000000,4,2.315721,51.000000,2,-15.606252,15.000000,,,,,,
1761058007685,00009,7,7,0,0,5,9,18.302893,83.000000,4,2.410650,51.000000,6,-2.177644,42.000000,2,-7.535943,31.000000,3,-8.779247,29.000000,8,-13.700964,19.000000,7,-19.380617,7.000000,,,,,,
1761058007685,00016,7,7,0,0,5,16,24.371921,95.000000,4,3.242126,53.000000,2,3.121197,53.000000,6,0.975966,48.000000,7,-8.746567,29.000000,8,-10.464870,25.000000,3,-17.406252,11.000000,,,,,,
1761058007685,00054,7,7,0,0,5,54,18.620116,84.000000,7,7.812220,62.000000,2,5.004439,56.000000,4,2.530925,51.000000,3,-8.008110,30.000000,6,-12.067571,22.000000,8,-16.267381,14.000000,,,,,,
1761058007685,00045,7,7,0,0,5,45,13.902422,74.000000,2,9.578682,66.000000,6,-2.418529,41.000000,7,-4.505682,37.000000,4,-4.624265,37.000000,8,-5.464280,35.000000,3,-8.354472,30.000000,,,,,,
1761058007685,00038,7,7,0,0,5,38,12.610280,72.000000,6,0.786264,48.000000,2,-2.651458,41.000000,7,-5.570427,35.000000,3,-11.612844,23.000000,4,-18.623913,9.000000,8,-22.641920,1.000000,,,,,,
1761058007685,00046,7,7,0,0,5,46,8.064202,63.000000,4,0.742824,48.000000,6,0.013860,46.000000,7,-2.686682,41.000000,8,-4.537617,37.000000,3,-8.176510,30.000000,2,-8.901611,28.000000,,,,,,
1761058007685,00001,7,7,0,0,5,1,10.518078,68.000000,8,16.433904,79.000000,7,4.440820,55.000000,6,0.982469,48.000000,3,0.775714,48.000000,4,-1.444546,43.000000,2,-8.079451,30.000000,,,,,,
1761058007785,00009,7,7,0,0,5,9,15.324203,77.000000,4,2.068959,51.000000,6,-1.098504,44.000000,3,-7.053897,32.000000,2,-10.356867,25.000000,8,-13.380683,19.000000,7,-18.487053,9.000000,,,,,,
1761058007785,00016,7,7,0,0,5,16,22.466285,92.000000,2,4.120257,55.000000,6,3.679427,54.000000,4,-1.259353,44.000000,7,-7.369037,32.000000,8,-8.458590,29.000000,3,-17.603628,11.000000,,,,,,
1761058007785,00054,7,7,0,0,5,54,16.200089,79.000000,7,8.926185,64.000000,2,3.812879,54.000000,4,-1.425645,43.000000,3,-4.828527,37.000000,6,-16.709814,13.000000,8,-16.961352,12.000000,,,,,,
1761058007785,00045,7,7,0,0,5,45,11.135992,69.000000,2,15.154960,77.000000,8,9.175707,65.000000,6,-0.829716,45.000000,4,-1.241983,44.000000,7,-1.767390,43.000000,3,-8.951956,28.000000,,,,,,
1761058007785,00038,7,7,0,0,5,38,11.914913,70.000000,6,1.666029,50.000000,2,-5.506215,35.000000,7,-9.107296,28.000000,3,-12.420307,21.000000,4,-14.176893,18.000000,8,-21.618511,3.000000,,,,,,
1761058007785,00046,7,7,0,0,5,46,7.513169,62.000000,6,4.243162,55.000000,4,2.394650,51.000000,7,1.629771,50.000000,8,-3.101275,40.000000,3,-7.285890,32.000000,2,-13.188636,20.000000,,,,,,
1761058007785,00001,7,7,0,0,5,1,9.173226,65.000000,7,10.380331,67.000000,8,9.952698,66.000000,3,5.066557,57.000000,6,2.015424,50.000000,4,-4.164928,38.000000,2,-7.483755,31.000000,,,,,,
1761058007885,00009,7,7,0,0,5,9,14.572029,76.000000,4,-0.764867,45.000000,6,-2.187611,42.000000,2,-5.053578,36.000000,3,-5.263239,36.000000,8,-11.455060,23.000000,7,-15.085008,16.000000,,,,,,
1761058007885,00016,7,7,0,0,5,16,24.810035,96.000000,2,4.582442,56.000000,6,3.505586,53.000000,4,-1.007012,44.000000,8,-3.517703,39.000000,7,-9.632673,27.000000,3,-16.677146,13.000000,,,,,,
1761058007885,00054,7,7,0,0,5,54,23.185415,93.000000,7,7.860041,62.000000,2,4.638992,56.000000,4,-1.435856,43.000000,3,-3.122292,40.000000,6,-10.133804,26.000000,8,-16.189253,14.000000,,,,,,
1761058007885,00045,7,7,0,0,5,45,11.210982,69.000000,2,16.984366,81.000000,8,11.052177,69.000000,6,3.307649,53.000000,4,-0.198985,46.000000,7,-3.095547,40.000000,3,-7.643745,31.000000,,,,,,
1761058007885,00038,7,7,0,0,5,38,23.292737,93.000000,6,3.672369,54.000000,2,-4.164482,38.000000,7,-6.550548,33.000000,3,-8.135677,30.000000,4,-15.423000,15.000000,8,-27.167360,0.000000,,,,,,
1761058007885,00046,7,7,0,0,5,46,4.336606,55.000000,4,3.689623,54.000000,6,0.865109,48.000000,7,-2.268340,42.000000,8,-4.194745,38.000000,2,-7.632406,31.000000,3,-9.787795,27.000000,,,,,,
1761058007885,00001,7,7,0,0,5,1,11.536872,70.000000,8,10.944931,68.000000,3,6.394795,59.000000,6,5.275485,57.000000,7,3.971906,54.000000,4,-3.475506,39.000000,2,-11.598648,23.000000,,,,,,
1761058007985,00009,6,6,0,0,5,9,25.555919,98.000000,4,-0.393765,46.000000,2,-0.796039,45.000000,6,-1.520438,43.000000,3,-4.168935,38.000000,8,-10.037679,26.000000,7,-17.011005,12.000000,,,,,,
1761058007985,00016,6,6,0,0,5,16,24.137176,95.000000,2,9.781896,66.000000,6,6.124994,59.000000,4,-4.638071,37.000000,8,-6.859909,33.000000,7,-8.814685,29.000000,3,-17.190383,12.000000,,,,,,
1761058007985,00054,6,6,0,0,5,54,16.261635,79.000000,2,6.093911,59.000000,7,4.925799,56.000000,4,-6.347569,34.000000,3,-6.412143,33.000000,6,-15.575912,15.000000,8,-18.640892,9.000000,,,,,,
1761058007985,00038,6,6,0,0,5,38,3.442999,53.000000,6,1.777446,50.000000,2,-3.807737,39.000000,7,-9.508168,27.000000,3,-11.969935,22.000000,4,-14.640213,17.000000,8,-27.145727,0.000000,,,,,,
1761058007985,00046,6,6,0,0,5,46,6.301892,59.000000,6,3.898958,54.000000,4,-2.116176,42.000000,7,-4.115541,38.000000,8,-5.195368,36.000000,2,-5.402716,35.000000,3,-9.047915,28.000000,,,,,,
1761058007985,00001,6,6,0,0,5,1,11.366661,69.000000,7,10.118971,67.000000,8,7.680075,62.000000,3,6.854220,60.000000,6,6.040050,59.000000,4,-4.667024,37.000000,2,-13.013691,20.000000,,,,,,
1761058008085,00009,6,6,0,0,5,9,28.412258,104.000000,3,1.533377,49.000000,4,0.649411,48.000000,2,-6.064225,34.000000,6,-7.120935,32.000000,8,-11.108784,24.000000,7,-12.737519,21.000000,,,,,,
1761058008085,00016,6,6,0,0,5,16,16.586700,80.000000,6,1.673890,50.000000,8,-0.775922,45.000000,2,-3.853203,39.000000,4,-6.945971,32.000000,7,-7.327087,32.000000,3,-17.858929,10.000000,,,,,,
1761058008085,00054,6,6,0,0,5,54,15.472985,78.000000,7,5.188684,57.000000,2,5.127222,57.000000,3,-0.520105,45.000000,4,-6.361501,34.000000,6,-9.115126,28.000000,8,-16.452315,13.000000,,,,,,
1761058008085,00038,6,6,0,0,5,38,3.291270,53.000000,6,-0.086820,46.000000,2,-3.323852,40.000000,7,-7.988834,30.000000,4,-15.188052,16.000000,3,-15.917036,14.000000,8,-26.089771,0.000000,,,,,,
1761058008085,00046,6,6,0,0,5,46,8.327101,63.000000,6,4.340298,55.000000,4,1.179650,49.000000,2,-3.547050,39.000000,7,-4.826585,37.000000,3,-5.800197,35.000000,8,-6.226551,34.000000,,,,,,
1761058008085,00001,6,6,0,0,5,1,9.867160,66.000000,7,7.815419,62.000000,8,7.024243,61.000000,3,5.650502,58.000000,6,3.190483,53.000000,4,-3.633045,39.000000,2,-8.152741,30.000000,,,,,,
1761058008185,00009,7,6,0,0,5,9,29.366158,106.000000,4,-1.344614,44.000000,3,-4.150377,38.000000,6,-4.553676,37.000000,2,-6.994918,32.000000,8,-12.145754,22.000000,7,-13.317381,20.000000,,,,,,
1761058008185,00016,7,6,0,0,5,16,22.414213,92.000000,6,1.401834,49.000000,8,-1.718575,43.000000,4,-4.249580,38.000000,7,-5.181147,36.000000,2,-8.737098,29.000000,3,-16.846223,12.000000,,,,,,
1761058008185,00054,7,6,0,0,5,54,17.602611,82.000000,2,7.141717,61.000000,4,6.932379,60.000000,7,5.395147,57.000000,3,-0.084773,46.000000,6,-10.172134,26.000000,8,-10.903744,24.000000,,,,,,
1761058008185,00038,7,6,0,0,5,38,1.895633,50.000000,6,2.094666,51.000000,2,-7.793788,31.000000,7,-8.067358,30.000000,3,-10.549133,25.000000,4,-19.145357,8.000000,8,-27.079122,0.000000,,,,,,
1761058008185,00046,7,6,0,0,5,46,8.590739,64.000000,6,7.133473,61.000000,4,0.128924,47.000000,7,-2.830137,41.000000,2,-5.685333,35.000000,3,-6.725717,33.000000,8,-10.750369,25.000000,,,,,,
1761058008185,00001,7,6,0,0,5,1,15.503394,78.000000,8,7.378090,61.000000,7,7.318422,61.000000,3,1.682337,50.000000,6,0.934841,48.000000,4,0.755434,48.000000,2,-10.262054,26.000000,,,,,,
1761058008185,00058,7,6,0,0,5,58,15.973840,79.000000,6,11.419051,69.000000,2,5.997414,58.000000,7,4.718136,56.000000,3,-0.121916,46.000000,8,-16.506041,13.000000,4,-18.288587,9.000000,,,,,,
1761058008285,00009,8,7,0,0,5,9,23.512089,94.000000,4,-1.003816,44.000000,3,-1.514459,43.000000,6,-5.318255,36.000000,2,-5.956193,34.000000,7,-12.507120,21.000000,8,-17.331766,11.000000,,,,,,
1761058008285,00016,8,7,0,0,5,16,21.292614,89.000000,6,6.556478,60.000000,8,2.477297,51.000000,7,-3.451384,39.000000,4,-6.651841,33.000000,2,-8.797981,29.000000,3,-16.241090,14.000000,,,,,,
1761058008285,00054,8,7,0,0,5,54,17.105575,81.000000,4,8.904180,64.000000,7,8.402100,63.000000,2,6.580481,60.000000,3,1.132984,49.000000,6,-11.736263,23.000000,8,-16.088978,14.000000,,,,,,
1761058008285,00038,8,7,0,0,5,38,6.401698,59.000000,6,1.307757,49.000000,2,-1.428161,43.000000,7,-5.569506,35.000000,3,-15.591154,15.000000,4,-16.742189,13.000000,8,-28.095118,0.000000,,,,,,
1761058008285,00046,8,7,0,0,5,46,4.964588,56.000000,6,6.675766,60.000000,4,1.561323,50.000000,7,0.054966,46.000000,3,-3.088734,40.000000,8,-5.383729,36.000000,2,-6.402347,33.000000,,,,,,
1761058008285,00001,8,7,0,0,5,1,12.271627,71.000000,8,9.648631,66.000000,7,3.951434,54.000000,6,3.569050,54.000000,3,0.908461,48.000000,4,-2.883120,41.000000,2,-12.063015,22.000000,,,,,,
1761058008285,00058,8,7,0,0,5,58,15.219658,77.000000,6,9.822128,66.000000,2,8.786033,64.000000,7,7.244974,61.000000,3,-0.980703,44.000000,4,-16.690186,13.000000,8,-17.245708,12.000000,,,,,,
1761058008285,00034,8,7,0,0,5,34,7.041034,61.000000,4,5.953680,58.000000,2,-1.425880,43.000000,3,-2.639585,41.000000,8,-5.375272,36.000000,6,-17.269218,12.000000,7,-18.150445,10.000000,,,,,,
1761058008385,00009,7,7,0,0,5,9,20.770427,88.000000,3,4.599383,56.000000,4,-4.888179,37.000000,6,-5.890719,34.000000,2,-6.601089,33.000000,7,-14.910110,16.000000,8,-20.802399,4.000000,,,,,,
1761058008385,00016,7,7,0,0,5,16,24.619778,96.000000,6,3.897355,54.000000,7,2.416179,51.000000,8,0.906913,48.000000,4,-5.384001,36.000000,2,-9.658184,27.000000,3,-16.814890,12.000000,,,,,,
1761058008385,00054,7,7,0,0,5,54,11.605283,70.000000,4,6.981714,60.000000,7,4.848801,56.000000,2,4.128609,55.000000,3,0.024955,46.000000,6,-12.713018,21.000000,8,-17.365847,11.000000,,,,,,
1761058008385,00038,7,7,0,0,5,38,4.784912,56.000000,6,2.302289,51.000000,2,-2.149017,42.000000,7,-3.537721,39.000000,4,-10.898432,24.000000,3,-20.112090,6.000000,8,-26.165074,0.000000,,,,,,
1761058008385,00046,7,7,0,0,5,46,10.097566,67.000000,6,5.648407,58.000000,4,2.383171,51.000000,3,-2.584260,41.000000,2,-5.698705,35.000000,7,-6.675371,33.000000,8,-10.610585,25.000000,,,,,,
1761058008385,00001,7,7,0,0,5,1,7.447171,61.000000,8,9.972197,66.000000,3,4.338423,55.000000,7,1.307922,49.000000,6,0.050120,46.000000,4,-5.961081,34.000000,2,-10.879856,24.000000,,,,,,
1761058008385,00058,7,7,0,0,5,58,18.862987,84.000000,2,9.627775,66.000000,6,8.478697,63.000000,7,5.426470,57.000000,3,-1.458610,43.000000,4,-15.788042,15.000000,8,-18.972780,8.000000,,,,,,
1761058008485,00009,7,7,0,0,5,9,28.654594,104.000000,4,0.200465,47.000000,3,0.087033,47.000000,2,-3.888133,39.000000,6,-7.506718,31.000000,7,-13.597926,19.000000,8,-20.189920,6.000000,,,,,,
1761058008485,00016,7,7,0,0,5,16,26.445119,100.000000,6,2.636819,52.000000,7,-1.433340,43.000000,8,-1.749644,43.000000,4,-5.560433,35.000000,2,-12.609190,21.000000,3,-14.723584,17.000000,,,,,,
1761058008485,00054,7,7,0,0,5,54,-0.151532,46.000000,4,8.018703,63.000000,2,7.290420,61.000000,7,4.987270,56.000000,3,-1.982357,42.000000,6,-7.265332,32.000000,8,-20.669911,5.000000,,,,,,
1761058008485,00038,7,7,0,0,5,38,7.364063,61.000000,6,5.513041,57.000000,2,2.046556,50.000000,7,-0.989663,44.000000,3,-13.589438,19.000000,4,-14.213389,18.000000,8,-27.015356,0.000000,,,,,,
1761058008485,00046,7,7,0,0,5,46,12.000360,71.000000,6,7.748231,62.000000,7,-2.421337,41.000000,4,-6.472597,33.000000,3,-7.625450,31.000000,8,-9.350441,28.000000,2,-9.946073,26.000000,,,,,,
1761058008485,00001,7,7,0,0,5,1,7.412158,61.000000,8,7.423518,61.000000,3,2.995401,52.000000,6,1.167086,49.000000,7,0.341881,47.000000,4,-2.838353,41.000000,2,-9.852491,27.000000,,,,,,
1761058008485,00058,7,7,0,0,5,58,13.701833,74.000000,6,8.676726,64.000000,2,6.360648,59.000000,7,6.236565,59.000000,3,-1.372736,44.000000,4,-12.678013,21.000000,8,-18.288362,9.000000,,,,,,
1761058008585,00009,8,7,0,0,5,9,31.922108,111.000000,4,1.609940,50.000000,3,-2.946412,40.000000,2,-6.640493,33.000000,6,-8.625814,29.000000,8,-19.396121,7.000000,7,-21.375571,3.000000,,,,,,
1761058008585,00016,8,7,0,0,5,16,20.532647,88.000000,6,1.971763,50.000000,7,-0.102402,46.000000,8,-0.429916,45.000000,4,-7.501217,31.000000,2,-13.014582,20.000000,3,-15.912110,14.000000,,,,,,
1761058008585,00054,8,7,0,0,5,54,-2.016188,42.000000,2,6.309202,59.000000,4,6.046173,59.000000,7,3.306896,53.000000,3,2.886373,52.000000,6,-8.386219,29.000000,8,-16.941940,12.000000,,,,,,
1761058008585,00038,8,7,0,0,5,38,5.318613,57.000000,6,4.135014,55.000000,2,3.333164,53.000000,7,-4.389214,38.000000,4,-13.711986,19.000000,3,-16.745094,13.000000,8,-31.564985,0.000000,,,,,,
1761058008585,00046,8,7,0,0,5,46,12.717828,72.000000,4,-2.610656,41.000000,6,-7.207542,32.000000,7,-7.861299,31.000000,2,-8.242042,30.000000,3,-9.317546,28.000000,8,-11.480962,23.000000,,,,,,
1761058008585,00001,8,7,0,0,5,1,10.765398,68.000000,8,7.645380,62.000000,6,5.113844,57.000000,7,4.848134,56.000000,3,0.607245,48.000000,2,-3.613842,39.000000,4,-6.960277,32.000000,,,,,,
1761058008585,00058,8,7,0,0,5,58,16.079467,79.000000,6,9.397953,65.000000,7,5.885154,58.000000,2,4.264639,55.000000,3,0.654926,48.000000,8,-17.534765,11.000000,4,-18.275920,10.000000,,,,,,
1761058008585,00040,8,7,0,0,5,40,19.059281,85.000000,4,14.318939,75.000000,8,-2.133579,42.000000,6,-3.917442,38.000000,3,-7.702563,31.000000,2,-8.149122,30.000000,7,-11.875435,22.000000,,,,,,
1761058008685,00009,7,7,0,0,5,9,28.231429,103.000000,3,-0.021087,46.000000,4,-0.101363,46.000000,2,-8.512625,29.000000,6,-9.766349,27.000000,7,-17.169869,12.000000,8,-19.058504,8.000000,,,,,,
1761058008685,00016,7,7,0,0,5,16,21.875263,90.000000,6,2.713035,52.000000,8,2.502969,51.000000,7,0.522220,47.000000,4,-2.624205,41.000000,2,-7.846496,31.000000,3,-14.824883,16.000000,,,,,,
1761058008685,00038,7,7,0,0,5,38,5.710106,58.000000,2,8.703282,64.000000,6,7.530418,62.000000,7,-2.417733,41.000000,4,-12.181883,22.000000,3,-16.427203,13.000000,8,-24.778952,0.000000,,,,,,
1761058008685,00046,7,7,0,0,5,46,9.210648,65.000000,4,-1.068499,44.000000,3,-3.827580,39.000000,6,-4.763947,37.000000,7,-8.700667,29.000000,8,-10.004805,26.000000,2,-10.931643,24.000000,,,,,,
1761058008685,00001,7,7,0,0,5,1,9.835945,66.000000,8,8.483606,63.000000,7,6.999319,60.000000,6,5.809708,58.000000,3,1.445368,49.000000,2,-4.950911,36.000000,4,-6.984079,32.000000,,,,,,
1761058008685,00058,7,7,0,0,5,58,15.731144,78.000000,6,6.530637,60.000000,7,4.479929,55.000000,2,4.404779,55.000000,3,-3.842242,39.000000,4,-11.924213,22.000000,8,-17.256347,12.000000,,,,,,
1761058008685,00040,7,7,0,0,5,40,22.300725,91.000000,4,18.815482,84.000000,8,-2.463035,41.000000,6,-4.213793,38.000000,3,-6.810982,33.000000,2,-7.791242,31.000000,7,-15.229023,16.000000,,,,,,
1761058008785,00009,9,8,0,0,5,9,29.198731,105.000000,3,2.730463,52.000000,4,0.348261,47.000000,6,-8.697063,29.000000,2,-9.803423,27.000000,8,-17.824540,10.000000,7,-19.298186,7.000000,,,,,,
1761058008785,00016,9,8,0,0,5,16,18.837002,84.000000,4,2.700082,52.000000,7,0.358994,47.000000,6,-1.137109,44.000000,8,-1.680794,43.000000,3,-11.540810,23.000000,2,-13.789634,19.000000,,,,,,
1761058008785,00038,9,8,0,0,5,38,4.843488,56.000000,6,5.742823,58.000000,2,3.321217,53.000000,7,-5.916397,34.000000,4,-8.447180,29.000000,3,-17.664097,11.000000,8,-30.440824,0.000000,,,,,,
1761058008785,00046,9,8,0,0,5,46,6.416965,59.000000,4,-2.465300,41.000000,6,-4.518253,37.000000,2,-8.029859,30.000000,3,-9.024896,28.000000,7,-11.327893,24.000000,8,-12.162020,22.000000,,,,,,
1761058008785,00001,9,8,0,0,5,1,4.561392,56.000000,7,12.013381,71.000000,8,8.721961,64.000000,3,-0.006306,46.000000,2,-4.557659,37.000000,4,-7.125449,32.000000,6,-9.290946,28.000000,,,,,,
1761058008785,00058,9,8,0,0,5,58,14.337627,75.000000,6,9.751314,66.000000,2,6.345852,59.000000,7,5.613131,58.000000,3,-0.293581,46.000000,4,-13.714027,19.000000,8,-14.533330,17.000000,,,,,,
1761058008785,00040,9,8,0,0,5,40,19.080422,85.000000,4,18.139747,83.000000,8,-3.494248,39.000000,6,-7.508410,31.000000,3,-9.482090,27.000000,2,-11.545051,23.000000,7,-12.941896,20.000000,,,,,,
1761058008785,00032,9,8,0,0,5,32,12.088756,71.000000,4,11.618560,70.000000,2,10.980923,69.000000,6,6.950558,60.000000,8,-0.229115,46.000000,3,-4.403275,37.000000,7,-17.110821,12.000000,,,,,,
1761058008785,00008,9,8,0,0,5,8,17.412682,81.000000,4,9.729653,66.000000,3,8.312724,63.000000,2,5.759902,58.000000,8,-4.783994,37.000000,7,-8.860214,29.000000,6,-17.660235,11.000000,,,,,,
1761058008885,00009,9,9,0,0,5,9,28.900178,105.000000,3,5.716179,58.000000,4,-1.574156,43.000000,6,-8.127676,30.000000,2,-12.642222,21.000000,7,-15.602944,15.000000,8,-21.003567,4.000000,,,,,,
1761058008885,00016,9,9,0,0,5,16,15.913004,78.000000,7,-0.004299,46.000000,8,-1.109084,44.000000,6,-1.359042,44.000000,4,-3.182982,40.000000,2,-13.523045,19.000000,3,-16.366462,13.000000,,,,,,
1761058008885,00038,9,9,0,0,5,38,3.249988,53.000000,2,3.862900,54.000000,6,2.167770,51.000000,7,-6.940520,32.000000,4,-11.572533,23.000000,3,-16.704480,13.000000,8,-27.631823,0.000000,,,,,,
1761058008885,00046,9,9,0,0,5,46,8.275350,63.000000,4,-4.025674,38.000000,3,-6.008973,34.000000,6,-6.263326,34.000000,2,-9.495728,27.000000,7,-12.363384,21.000000,8,-13.281325,20.000000,,,,,,
1761058008885,00001,9,9,0,0,5,1,7.226207,61.000000,8,11.779338,70.000000,7,6.968143,60.000000,3,3.147436,53.000000,4,-3.750021,39.000000,2,-8.280885,30.000000,6,-12.479300,21.000000,,,,,,
1761058008885,00058,9,9,0,0,5,58,12.212550,71.000000,6,10.868178,68.000000,7,6.321906,59.000000,2,2.438987,51.000000,3,-4.220406,38.000000,4,-12.701039,21.000000,8,-19.615322,7.000000,,,,,,
1761058008885,00040,9,9,0,0,5,40,21.674186,90.000000,4,17.032315,81.000000,3,5.379436,57.000000,6,-2.514596,41.000000,8,-3.405973,39.000000,2,-11.135242,24.000000,7,-15.544323,15.000000,,,,,,
1761058008885,00032,9,9,0,0,5,32,10.893296,68.000000,2,11.714950,70.000000,4,11.541012,70.000000,6,9.627155,66.000000,3,2.770252,52.000000,8,-0.399193,46.000000,7,-11.469568,23.000000,,,,,,
1761058008885,00008,9,9,0,0,5,8,8.134344,63.000000,4,8.897209,64.000000,3,2.881134,52.000000,2,1.632154,50.000000,8,-3.855036,39.000000,7,-7.143490,32.000000,6,-16.593521,13.000000,,,,,,
1761058008985,00009,8,8,0,0,5,9,31.308884,109.000000,3,4.968104,56.000000,4,-1.507988,43.000000,2,-8.203685,30.000000,6,-11.732177,23.000000,7,-19.404662,7.000000,8,-23.130622,0.000000,,,,,,
1761058008985,00016,8,8,0,0,5,16,15.794528,78.000000,6,4.984011,56.000000,7,-0.038977,46.000000,8,-0.885176,45.000000,4,-2.800494,41.000000,3,-13.472955,19.000000,2,-13.950003,18.000000,,,,,,
1761058008985,00038,8,8,0,0,5,38,17.624485,82.000000,2,6.817741,60.000000,6,4.508663,55.000000,7,-5.625195,35.000000,4,-6.867325,33.000000,3,-14.071455,18.000000,8,-26.594243,0.000000,,,,,,
1761058008985,00046,8,8,0,0,5,46,9.233831,65.000000,6,-1.322757,44.000000,4,-2.442212,41.000000,3,-10.061975,26.000000,2,-10.214594,26.000000,8,-15.041692,16.000000,7,-18.501590,9.000000,,,,,,
1761058008985,00058,8,8,0,0,5,58,12.393293,71.000000,6,13.672561,74.000000,2,3.941527,54.000000,7,3.169055,53.000000,3,-4.928034,36.000000,4,-15.462212,15.000000,8,-17.837113,10.000000,,,,,,
1761058008985,00040,8,8,0,0,5,40,21.658304,90.000000,4,13.859115,74.000000,3,3.355237,53.000000,8,-1.569169,43.000000,6,-3.946391,38.000000,2,-9.257031,28.000000,7,-12.966432,20.000000,,,,,,
1761058008985,00032,8,8,0,0,5,32,5.346535,57.000000,4,12.942363,72.000000,2,12.013003,71.000000,8,3.703678,54.000000,6,3.409913,53.000000,3,-6.993279,32.000000,7,-9.714249,27.000000,,,,,,
1761058008985,00008,8,8,0,0,5,8,11.608465,70.000000,4,15.182334,77.000000,3,4.203899,55.000000,2,4.203410,55.000000,8,-6.940822,32.000000,7,-9.989584,26.000000,6,-20.188422,6.000000,,,,,,
1761058009085,00009,7,8,0,0,5,9,33.069023,113.000000,3,4.875327,56.000000,4,0.429272,47.000000,2,-8.972489,28.000000,6,-11.140574,24.000000,7,-19.429767,7.000000,8,-20.050550,6.000000,,,,,,
1761058009085,00016,7,8,0,0,5,16,13.824130,74.000000,7,2.560026,52.000000,4,-0.318943,46.000000,6,-1.318356,44.000000,8,-4.809670,37.000000,3,-14.913498,16.000000,2,-16.152621,14.000000,,,,,,
1761058009085,00038,7,8,0,0,5,38,10.471830,67.000000,2,8.429209,63.000000,6,4.210109,55.000000,4,-9.319435,28.000000,7,-9.755846,27.000000,3,-17.239995,12.000000,8,-29.597632,0.000000,,,,,,
1761058009085,00046,7,8,0,0,5,46,8.760504,64.000000,4,1.562950,50.000000,6,-6.758396,33.000000,2,-7.798757,31.000000,3,-10.129797,26.000000,7,-14.812127,17.000000,8,-15.879932,14.000000,,,,,,
1761058009085,00040,7,8,0,0,5,40,20.099158,87.000000,4,19.941844,87.000000,3,2.918455,52.000000,8,-0.846438,45.000000,6,-5.022118,36.000000,2,-8.168252,30.000000,7,-14.088694,18.000000,,,,,,
1761058009085,00032,7,8,0,0,5,32,7.164112,61.000000,2,13.936329,74.000000,4,10.748723,68.000000,6,6.964778,60.000000,8,1.098252,49.000000,3,-3.994390,38.000000,7,-9.972797,26.000000,,,,,,
1761058009085,00036,7,8,0,0,5,36,8.279483,63.000000,2,8.386558,63.000000,3,7.157001,61.000000,8,-2.878451,41.000000,4,-5.450454,35.000000,7,-10.316536,26.000000,6,-19.703747,7.000000,,,,,,
