timestamp,ueImsiComplete,plmId,nrCellId,dlAvailablePrbs,ulAvailablePrbs,qci,dlPrbUsage,ulPrbUsage,TB.TotNbrDl.1,TB.TotNbrDlInitial,TB.TotNbrDlInitial.Qpsk,TB.TotNbrDlInitial.16Qam,TB.TotNbrDlInitial.64Qam,RRU.PrbUsedDl,TB.ErrTotalNbrDl.1,QosFlow.PdcpPduVolumeDL_Filter,CARR.PDSCHMCSDist.Bin1,CARR.PDSCHMCSDist.Bin2,CARR.PDSCHMCSDist.Bin3,CARR.PDSCHMCSDist.Bin4,CARR.PDSCHMCSDist.Bin5,CARR.PDSCHMCSDist.Bin6,L1M.RS-SINR.Bin34,L1M.RS-SINR.Bin46,L1M.RS-SINR.Bin58,L1M.RS-SINR.Bin70,L1M.RS-SINR.Bin82,L1M.RS-SINR.Bin94,L1M.RS-SINR.Bin127,DRB.BufferSize.Qos,DRB.MeanActiveUeDl,TB.TotNbrDl.1.UEID,TB.TotNbrDlInitial.UEID,TB.TotNbrDlInitial.Qpsk.UEID,TB.TotNbrDlInitial.16Qam.UEID,TB.TotNbrDlInitial.64Qam.UEID,TB.ErrTotalNbrDl.1.UEID,QosFlow.PdcpPduVolumeDL_Filter.UEID,RRU.PrbUsedDl.UEID,CARR.PDSCHMCSDist.Bin1.UEID,CARR.PDSCHMCSDist.Bin2.UEID,CARR.PDSCHMCSDist.Bin3.UEID,CARR.PDSCHMCSDist.Bin4.UEID,CARR.PDSCHMCSDist.Bin5.UEID,CARR.PDSCHMCSDist.Bin6.UEID,L1M.RS-SINR.Bin34.UEID,L1M.RS-SINR.Bin46.UEID,L1M.RS-SINR.Bin58.UEID,L1M.RS-SINR.Bin70.UEID,L1M.RS-SINR.Bin82.UEID,L1M.RS-SINR.Bin94.UEID,L1M.RS-SINR.Bin127.UEID,DRB.BufferSize.Qos.UEID,DRB.UEThpDl.UEID,DRB.UEThpDlPdcpBased.UEID
1761058001385,00004,111,5,139,139,1,0,0,0,0,0,0,0,0,0,0,0,0,0,0,0,0,0,0,0,0,0,0,0,0,7,0,0,0,0,0,0,0,0.000000,0,0,0,0,0,0,0,0,0,0,0,0,0,0,0.000000,0.000000
1761058001385,00009,111,5,139,139,1,0,0,0,0,0,0,0,0,0,0,0,0,0,0,0,0,0,0,0,0,0,0,0,0,7,0,0,0,0,0,0,0,0.000000,0,0,0,0,0,0,0,0,0,0,0,0,0,0,0.000000,0.000000
1761058001385,00016,111,5,139,139,1,0,0,0,0,0,0,0,0,0,0,0,0,0,0,0,0,0,0,0,0,0,0,0,0,7,0,0,0,0,0,0,0,0.000000,0,0,0,0,0,0,0,0,0,0,0,0,0,0,0.000000,0.000000
1761058001385,00031,111,5,139,139,1,0,0,0,0,0,0,0,0,0,0,0,0,0,0,0,0,0,0,0,0,0,0,0,0,7,0,0,0,0,0,0,0,0.000000,0,0,0,0,0,0,0,0,0,0,0,0,0,0,0.000000,0.000000
1761058001385,00038,111,5,139,139,1,0,0,0,0,0,0,0,0,0,0,0,0,0,0,0,0,0,0,0,0,0,0,0,0,7,0,0,0,0,0,0,0,0.000000,0,0,0,0,0,0,0,0,0,0,0,0,0,0,0.000000,0.000000
1761058001385,00046,111,5,139,139,1,0,0,0,0,0,0,0,0,0,0,0,0,0,0,0,0,0,0,0,0,0,0,0,0,7,0,0,0,0,0,0,0,0.000000,0,0,0,0,0,0,0,0,0,0,0,0,0,0,0.000000,0.000000
1761058001385,00054,111,5,139,139,1,0,0,0,0,0,0,0,0,0,0,0,0,0,0,0,0,0,0,0,0,0,0,0,0,7,0,0,0,0,0,0,0,0.000000,0,0,0,0,0,0,0,0,0,0,0,0,0,0,0.000000,0.000000
1761058001485,00004,111,5,139,139,1,70,0,382,297,249,129,4,98,85,178728,70,179,129,0,4,0,0,1,24,334,20,3,0,1551,7,6,4,3,3,0,2,473,0.273036,3,0,3,0,0,0,0,0,3,1,2,0,0,0,328.985165,0.000000
1761058001485,00009,111,5,139,139,1,70,0,382,297,249,129,4,98,85,178728,70,179,129,0,4,0,0,1,24,334,20,3,0,1551,7,350,271,226,124,0,79,177126,98.268036,50,176,124,0,0,0,0,0,15,321,14,0,0,1551,4824.203481,3660.000000
1761058001485,00016,111,5,139,139,1,70,0,382,297,249,129,4,98,85,178728,70,179,129,0,4,0,0,1,24,334,20,3,0,1551,7,6,4,2,0,4,2,633,0.173750,1,1,0,0,4,0,0,0,0,1,2,3,0,0,302.823495,0.000000
1761058001485,00031,111,5,139,139,1,70,0,382,297,249,129,4,98,85,178728,70,179,129,0,4,0,0,1,24,334,20,3,0,1551,7,7,5,7,0,0,2,87,0.297857,7,0,0,0,0,0,0,1,1,4,1,0,0,0,181.333394,0.000000
1761058001485,00038,111,5,139,139,1,70,0,382,297,249,129,4,98,85,178728,70,179,129,0,4,0,0,1,24,334,20,3,0,1551,7,4,4,2,2,0,0,193,0.173750,2,0,2,0,0,0,0,0,1,3,0,0,0,0,668.072402,0.000000
1761058001485,00046,111,5,139,139,1,70,0,382,297,249,129,4,98,85,178728,70,179,129,0,4,0,0,1,24,334,20,3,0,1551,7,5,5,5,0,0,0,165,0.198571,3,2,0,0,0,0,0,0,2,3,0,0,0,0,668.072402,0.000000
1761058001485,00054,111,5,139,139,1,70,0,382,297,249,129,4,98,85,178728,70,179,129,0,4,0,0,1,24,334,20,3,0,1551,7,4,4,4,0,0,0,51,0.173750,4,0,0,0,0,0,0,0,2,1,1,0,0,0,181.333394,0.000000
1761058001585,00004,111,5,139,139,1,64,0,344,252,200,116,28,90,92,185614,31,169,91,51,2,0,0,0,2,237,104,1,0,0,6,0,0,0,0,0,0,0,0.000000,0,0,0,0,0,0,0,0,0,0,0,0,0,0,328.985165,0.000000
1761058001585,00009,111,5,139,139,1,64,0,344,252,200,116,28,90,92,185614,31,169,91,51,2,0,0,0,2,237,104,1,0,0,6,344,252,200,116,28,92,185614,90.498929,31,169,91,51,2,0,0,0,2,237,104,1,0,0,4999.100467,6810.000000
1761058001585,00016,111,5,139,139,1,64,0,344,252,200,116,28,90,92,185614,31,169,91,51,2,0,0,0,2,237,104,1,0,0,6,0,0,0,0,0,0,0,0.000000,0,0,0,0,0,0,0,0,0,0,0,0,0,0,302.823495,0.000000
1761058001585,00031,111,5,139,139,1,64,0,344,252,200,116,28,90,92,185614,31,169,91,51,2,0,0,0,2,237,104,1,0,0,6,0,0,0,0,0,0,0,0.000000,0,0,0,0,0,0,0,0,0,0,0,0,0,0,181.333394,0.000000
1761058001585,00046,111,5,139,139,1,64,0,344,252,200,116,28,90,92,185614,31,169,91,51,2,0,0,0,2,237,104,1,0,0,6,0,0,0,0,0,0,0,0.000000,0,0,0,0,0,0,0,0,0,0,0,0,0,0,668.072402,0.000000
1761058001585,00054,111,5,139,139,1,64,0,344,252,200,116,28,90,92,185614,31,169,91,51,2,0,0,0,2,237,104,1,0,0,6,0,0,0,0,0,0,0,0.000000,0,0,0,0,0,0,0,0,0,0,0,0,0,0,181.333394,0.000000
1761058001685,00004,111,5,139,139,1,40,0,269,251,0,72,197,56,18,247497,0,0,3,207,59,0,0,0,0,0,192,77,0,31440,6,0,0,0,0,0,0,0,0.000000,0,0,0,0,0,0,0,0,0,0,0,0,0,0,328.985165,0.000000
1761058001685,00009,111,5,139,139,1,40,0,269,251,0,72,197,56,18,247497,0,0,3,207,59,0,0,0,0,0,192,77,0,31440,6,269,251,0,72,197,18,247497,56.369464,0,0,3,207,59,0,0,0,0,0,192,77,0,31440,5894.669497,6280.000000
1761058001685,00016,111,5,139,139,1,40,0,269,251,0,72,197,56,18,247497,0,0,3,207,59,0,0,0,0,0,192,77,0,31440,6,0,0,0,0,0,0,0,0.000000,0,0,0,0,0,0,0,0,0,0,0,0,0,0,302.823495,0.000000
1761058001685,00031,111,5,139,139,1,40,0,269,251,0,72,197,56,18,247497,0,0,3,207,59,0,0,0,0,0,192,77,0,31440,6,0,0,0,0,0,0,0,0.000000,0,0,0,0,0,0,0,0,0,0,0,0,0,0,181.333394,0.000000
1761058001685,00046,111,5,139,139,1,40,0,269,251,0,72,197,56,18,247497,0,0,3,207,59,0,0,0,0,0,192,77,0,31440,6,0,0,0,0,0,0,0,0.000000,0,0,0,0,0,0,0,0,0,0,0,0,0,0,668.072402,0.000000
1761058001685,00054,111,5,139,139,1,40,0,269,251,0,72,197,56,18,247497,0,0,3,207,59,0,0,0,0,0,192,77,0,31440,6,0,0,0,0,0,0,0,0.000000,0,0,0,0,0,0,0,0,0,0,0,0,0,0,181.333394,0.000000
1761058001785,00004,111,5,139,139,1,82,0,405,349,3,104,298,115,56,511722,3,0,29,248,125,0,0,0,0,0,95,310,0,68584,4,0,0,0,0,0,0,0,0.000000,0,0,0,0,0,0,0,0,0,0,0,0,0,0,328.985165,0.000000
1761058001785,00009,111,5,139,139,1,82,0,405,349,3,104,298,115,56,511722,3,0,29,248,125,0,0,0,0,0,95,310,0,68584,4,402,346,0,104,298,56,511622,115.767143,0,0,29,248,125,0,0,0,0,0,92,310,0,68584,8307.287024,26610.000000
1761058001785,00016,111,5,139,139,1,82,0,405,349,3,104,298,115,56,511722,3,0,29,248,125,0,0,0,0,0,95,310,0,68584,4,3,3,3,0,0,0,100,0.297857,3,0,0,0,0,0,0,0,0,0,3,0,0,0,237.744952,0.000000
1761058001785,00031,111,5,139,139,1,82,0,405,349,3,104,298,115,56,511722,3,0,29,248,125,0,0,0,0,0,95,310,0,68584,4,0,0,0,0,0,0,0,0.000000,0,0,0,0,0,0,0,0,0,0,0,0,0,0,181.333394,0.000000
1761058001885,00009,111,5,139,139,1,41,0,310,247,16,66,228,58,63,285729,9,7,26,91,177,0,0,0,0,22,106,182,0,0,4,282,229,0,66,216,53,282863,58.280714,0,0,26,91,165,0,0,0,0,0,102,180,0,0,8759.899359,13200.000000
1761058001885,00016,111,5,139,139,1,41,0,310,247,16,66,228,58,63,285729,9,7,26,91,177,0,0,0,0,22,106,182,0,0,4,9,7,5,0,4,2,665,0.347500,4,1,0,0,4,0,0,0,0,5,3,1,0,0,273.454918,10.000000
1761058001885,00031,111,5,139,139,1,41,0,310,247,16,66,228,58,63,285729,9,7,26,91,177,0,0,0,0,22,106,182,0,0,4,0,0,0,0,0,0,0,0.000000,0,0,0,0,0,0,0,0,0,0,0,0,0,0,181.333394,0.000000
1761058001885,00038,111,5,139,139,1,41,0,310,247,16,66,228,58,63,285729,9,7,26,91,177,0,0,0,0,22,106,182,0,0,4,19,11,11,0,8,8,2201,0.190060,5,6,0,0,8,0,0,0,0,17,1,1,0,0,397.195648,100.000000
1761058001985,00009,111,5,139,139,1,19,0,170,148,9,13,148,27,22,171136,4,5,13,4,144,0,0,0,0,5,21,134,10,0,4,138,122,0,0,138,16,166924,26.360357,0,0,0,0,138,0,0,0,0,0,0,128,10,0,9206.407162,27030.000000
1761058001985,00016,111,5,139,139,1,19,0,170,148,9,13,148,27,22,171136,4,5,13,4,144,0,0,0,0,5,21,134,10,0,4,3,3,2,0,1,0,138,0.099286,2,0,0,1,0,0,0,0,0,1,0,2,0,0,296.142916,0.000000
1761058001985,00031,111,5,139,139,1,19,0,170,148,9,13,148,27,22,171136,4,5,13,4,144,0,0,0,0,5,21,134,10,0,4,0,0,0,0,0,0,0,0.000000,0,0,0,0,0,0,0,0,0,0,0,0,0,0,181.333394,0.000000
1761058001985,00038,111,5,139,139,1,19,0,170,148,9,13,148,27,22,171136,4,5,13,4,144,0,0,0,0,5,21,134,10,0,4,29,23,7,13,9,6,4074,1.538929,2,5,13,3,6,0,0,0,0,4,21,4,0,0,515.303164,210.000000
1761058002085,00009,111,5,139,139,1,73,0,442,393,411,8,23,102,49,124586,236,175,7,6,18,0,0,1,143,282,4,12,0,46832,4,405,368,401,0,4,37,120085,101.891964,228,173,0,0,4,0,0,1,143,261,0,0,0,46832,7893.360059,7330.000000
1761058002085,00016,111,5,139,139,1,73,0,442,393,411,8,23,102,49,124586,236,175,7,6,18,0,0,1,143,282,4,12,0,46832,4,8,5,3,1,4,3,620,0.322679,3,0,0,5,0,0,0,0,0,5,3,0,0,0,287.022742,0.000000
1761058002085,00031,111,5,139,139,1,73,0,442,393,411,8,23,102,49,124586,236,175,7,6,18,0,0,1,143,282,4,12,0,46832,4,0,0,0,0,0,0,0,0.000000,0,0,0,0,0,0,0,0,0,0,0,0,0,0,181.333394,0.000000
1761058002085,00038,111,5,139,139,1,73,0,442,393,411,8,23,102,49,124586,236,175,7,6,18,0,0,1,143,282,4,12,0,46832,4,29,20,7,7,15,9,3881,1.414821,5,2,7,1,14,0,0,0,0,16,1,12,0,0,529.720664,140.000000
1761058002185,00009,111,5,139,139,1,10,0,77,36,73,0,4,15,41,9600,65,8,0,0,4,0,34,13,24,6,0,0,0,166893,4,56,22,56,0,0,34,7664,14.197857,51,5,0,0,0,0,34,10,12,0,0,0,0,166893,7980.803851,3770.000000
1761058002185,00016,111,5,139,139,1,10,0,77,36,73,0,4,15,41,9600,65,8,0,0,4,0,34,13,24,6,0,0,0,166893,4,5,5,5,0,0,0,302,0.372321,5,0,0,0,0,0,0,0,0,5,0,0,0,0,318.517878,10.000000
1761058002185,00031,111,5,139,139,1,10,0,77,36,73,0,4,15,41,9600,65,8,0,0,4,0,34,13,24,6,0,0,0,166893,4,0,0,0,0,0,0,0,0.000000,0,0,0,0,0,0,0,0,0,0,0,0,0,0,181.333394,0.000000
1761058002185,00038,111,5,139,139,1,10,0,77,36,73,0,4,15,41,9600,65,8,0,0,4,0,34,13,24,6,0,0,0,166893,4,16,9,12,0,4,7,1634,1.811964,9,3,0,0,4,0,0,3,12,1,0,0,0,0,542.051795,100.000000
1761058002285,00009,111,5,139,139,1,55,0,347,296,339,8,0,77,51,51461,326,13,8,0,0,0,0,0,326,12,7,2,0,265881,5,325,280,325,0,0,45,50059,77.120179,319,6,0,0,0,0,0,0,319,6,0,0,0,265719,7228.683108,3660.000000
1761058002285,00016,111,5,139,139,1,55,0,347,296,339,8,0,77,51,51461,326,13,8,0,0,0,0,0,326,12,7,2,0,265881,5,3,3,3,0,0,0,143,0.148929,1,2,0,0,0,0,0,0,0,1,0,2,0,0,329.581296,0.000000
1761058002285,00031,111,5,139,139,1,55,0,347,296,339,8,0,77,51,51461,326,13,8,0,0,0,0,0,326,12,7,2,0,265881,5,0,0,0,0,0,0,0,0.000000,0,0,0,0,0,0,0,0,0,0,0,0,0,0,181.333394,0.000000
1761058002285,00038,111,5,139,139,1,55,0,347,296,339,8,0,77,51,51461,326,13,8,0,0,0,0,0,326,12,7,2,0,265881,5,19,13,11,8,0,6,1259,0.968036,6,5,8,0,0,0,0,0,7,5,7,0,0,162,536.331047,70.000000
1761058002285,00046,111,5,139,139,1,55,0,347,296,339,8,0,77,51,51461,326,13,8,0,0,0,0,0,326,12,7,2,0,265881,5,0,0,0,0,0,0,0,0.000000,0,0,0,0,0,0,0,0,0,0,0,0,0,0,668.072402,0.000000
1761058002385,00009,111,5,139,139,1,48,0,318,231,308,6,4,67,87,43663,300,8,0,7,3,0,0,17,280,8,10,3,0,373304,5,299,214,299,0,0,85,42004,66.446964,291,8,0,0,0,0,0,17,274,8,0,0,0,373304,6696.912781,3770.000000
1761058002385,00016,111,5,139,139,1,48,0,318,231,308,6,4,67,87,43663,300,8,0,7,3,0,0,17,280,8,10,3,0,373304,5,5,3,1,0,4,2,490,0.148929,1,0,0,1,3,0,0,0,0,0,2,3,0,0,308.986403,10.000000
1761058002385,00031,111,5,139,139,1,48,0,318,231,308,6,4,67,87,43663,300,8,0,7,3,0,0,17,280,8,10,3,0,373304,5,0,0,0,0,0,0,0,0.000000,0,0,0,0,0,0,0,0,0,0,0,0,0,0,181.333394,0.000000
1761058002385,00038,111,5,139,139,1,48,0,318,231,308,6,4,67,87,43663,300,8,0,7,3,0,0,17,280,8,10,3,0,373304,5,14,14,8,6,0,0,1169,1.712679,8,0,0,6,0,0,0,0,6,0,8,0,0,0,536.710593,100.000000
1761058002385,00046,111,5,139,139,1,48,0,318,231,308,6,4,67,87,43663,300,8,0,7,3,0,0,17,280,8,10,3,0,373304,5,0,0,0,0,0,0,0,0.000000,0,0,0,0,0,0,0,0,0,0,0,0,0,0,668.072402,0.000000
1761058002485,00009,111,5,139,139,1,7,0,62,44,53,6,3,10,18,4922,50,3,5,1,3,0,0,13,41,2,3,3,0,501508,5,37,28,37,0,0,9,3437,9.605893,37,0,0,0,0,0,0,13,24,0,0,0,0,501508,6722.669784,2200.000000
1761058002485,00016,111,5,139,139,1,7,0,62,44,53,6,3,10,18,4922,50,3,5,1,3,0,0,13,41,2,3,3,0,501508,5,5,3,2,0,3,2,471,0.173750,2,0,0,0,3,0,0,0,0,0,2,3,0,0,282.281652,0.000000
1761058002485,00031,111,5,139,139,1,7,0,62,44,53,6,3,10,18,4922,50,3,5,1,3,0,0,13,41,2,3,3,0,501508,5,7,5,7,0,0,2,252,0.397143,4,3,0,0,0,0,0,0,6,1,0,0,0,0,186.582252,20.000000
1761058002485,00038,111,5,139,139,1,7,0,62,44,53,6,3,10,18,4922,50,3,5,1,3,0,0,13,41,2,3,3,0,501508,5,13,8,7,6,0,5,762,1.092143,7,0,5,1,0,0,0,0,11,1,1,0,0,0,550.122656,80.000000
1761058002485,00046,111,5,139,139,1,7,0,62,44,53,6,3,10,18,4922,50,3,5,1,3,0,0,13,41,2,3,3,0,501508,5,0,0,0,0,0,0,0,0.000000,0,0,0,0,0,0,0,0,0,0,0,0,0,0,668.072402,0.000000
1761058002585,00009,111,5,139,139,1,60,0,406,314,23,9,374,84,92,466218,22,1,9,26,348,0,0,16,8,9,139,234,0,551433,5,365,291,3,0,362,74,463263,82.183750,3,0,0,14,348,0,0,0,0,0,131,234,0,551433,7071.956998,5440.000000
1761058002585,00016,111,5,139,139,1,60,0,406,314,23,9,374,84,92,466218,22,1,9,26,348,0,0,16,8,9,139,234,0,551433,5,4,4,2,2,0,0,271,0.148929,1,1,2,0,0,0,0,0,0,3,1,0,0,0,271.196491,10.000000
1761058002585,00031,111,5,139,139,1,60,0,406,314,23,9,374,84,92,466218,22,1,9,26,348,0,0,16,8,9,139,234,0,551433,5,4,4,3,1,0,0,229,0.273036,3,0,1,0,0,0,0,0,1,3,0,0,0,0,227.634054,20.000000
1761058002585,00038,111,5,139,139,1,60,0,406,314,23,9,374,84,92,466218,22,1,9,26,348,0,0,16,8,9,139,234,0,551433,5,33,15,15,6,12,18,2455,2.407679,15,0,6,12,0,0,0,16,7,3,7,0,0,0,548.444849,90.000000
1761058002585,00046,111,5,139,139,1,60,0,406,314,23,9,374,84,92,466218,22,1,9,26,348,0,0,16,8,9,139,234,0,551433,5,0,0,0,0,0,0,0,0.000000,0,0,0,0,0,0,0,0,0,0,0,0,0,0,668.072402,0.000000
1761058002685,00009,111,5,139,139,1,62,0,468,380,20,31,417,87,88,456795,12,8,15,129,304,0,0,0,7,22,102,332,5,599527,5,422,347,0,10,412,75,453224,87.048750,0,0,0,119,303,0,0,0,0,0,87,330,5,599527,7472.034906,15400.000000
1761058002685,00016,111,5,139,139,1,62,0,468,380,20,31,417,87,88,456795,12,8,15,129,304,0,0,0,7,22,102,332,5,599527,5,6,4,2,0,4,2,442,0.198571,2,0,0,4,0,0,0,0,0,2,2,2,0,0,285.866185,0.000000
1761058002685,00031,111,5,139,139,1,62,0,468,380,20,31,417,87,88,456795,12,8,15,129,304,0,0,0,7,22,102,332,5,599527,5,17,12,7,10,0,5,1249,0.893571,6,1,10,0,0,0,0,0,7,9,1,0,0,0,295.534493,60.000000
1761058002685,00038,111,5,139,139,1,62,0,468,380,20,31,417,87,88,456795,12,8,15,129,304,0,0,0,7,22,102,332,5,599527,5,22,16,10,11,1,6,1865,0.943214,3,7,5,6,1,0,0,0,0,10,12,0,0,0,553.161802,100.000000
1761058002685,00046,111,5,139,139,1,62,0,468,380,20,31,417,87,88,456795,12,8,15,129,304,0,0,0,7,22,102,332,5,599527,5,1,1,1,0,0,0,15,0.049643,1,0,0,0,0,0,0,0,0,1,0,0,0,0,687.721591,0.000000
1761058002785,00009,111,5,139,139,1,53,0,482,394,151,303,28,75,88,209342,11,140,271,55,5,0,0,2,4,145,329,2,0,563398,5,425,357,122,286,17,68,205031,75.084821,0,122,261,41,1,0,0,0,0,107,317,1,0,563398,7243.157209,7120.000000
1761058002785,00016,111,5,139,139,1,53,0,482,394,151,303,28,75,88,209342,11,140,271,55,5,0,0,2,4,145,329,2,0,563398,5,6,4,1,2,3,2,502,0.173750,1,0,0,5,0,0,0,0,0,0,5,1,0,0,271.967105,10.000000
1761058002785,00031,111,5,139,139,1,53,0,482,394,151,303,28,75,88,209342,11,140,271,55,5,0,0,2,4,145,329,2,0,563398,5,14,9,5,5,4,5,1202,0.521250,1,4,0,9,0,0,0,0,0,9,5,0,0,0,328.646025,40.000000
1761058002785,00038,111,5,139,139,1,53,0,482,394,151,303,28,75,88,209342,11,140,271,55,5,0,0,2,4,145,329,2,0,563398,5,24,15,10,10,4,9,1908,0.968036,4,6,10,0,4,0,0,0,0,22,2,0,0,0,552.693167,80.000000
1761058002785,00046,111,5,139,139,1,53,0,482,394,151,303,28,75,88,209342,11,140,271,55,5,0,0,2,4,145,329,2,0,563398,5,13,9,13,0,0,4,699,0.868750,5,8,0,0,0,0,0,2,4,7,0,0,0,0,274.537416,20.000000
1761058002885,00009,111,5,139,139,1,66,0,462,369,13,225,224,92,93,381769,4,9,100,267,82,0,0,0,4,22,369,67,0,417441,5,421,340,0,200,221,81,378300,92.782500,0,0,91,251,79,0,0,0,0,1,353,67,0,417387,7358.022777,3350.000000
1761058002885,00016,111,5,139,139,1,66,0,462,369,13,225,224,92,93,381769,4,9,100,267,82,0,0,0,4,22,369,67,0,417441,5,0,0,0,0,0,0,0,0.000000,0,0,0,0,0,0,0,0,0,0,0,0,0,0,271.967105,0.000000
1761058002885,00031,111,5,139,139,1,66,0,462,369,13,225,224,92,93,381769,4,9,100,267,82,0,0,0,4,22,369,67,0,417441,5,12,8,3,6,3,4,1090,0.372321,1,2,2,4,3,0,0,0,1,5,6,0,0,0,348.556009,30.000000
1761058002885,00038,111,5,139,139,1,66,0,462,369,13,225,224,92,93,381769,4,9,100,267,82,0,0,0,4,22,369,67,0,417441,5,26,18,7,19,0,8,2338,0.943214,0,7,7,12,0,0,0,0,0,16,10,0,0,54,548.974595,100.000000
1761058002885,00046,111,5,139,139,1,66,0,462,369,13,225,224,92,93,381769,4,9,100,267,82,0,0,0,4,22,369,67,0,417441,5,3,3,3,0,0,0,41,0.124107,3,0,0,0,0,0,0,0,3,0,0,0,0,0,287.464066,0.000000
1761058002985,00009,111,5,139,139,1,61,0,495,363,63,323,109,85,132,280676,19,44,234,172,26,0,0,6,10,203,272,4,0,552317,5,437,328,36,305,96,109,275592,83.375179,0,36,223,155,23,0,0,0,0,177,256,4,0,552317,7792.383612,22950.000000
1761058002985,00016,111,5,139,139,1,61,0,495,363,63,323,109,85,132,280676,19,44,234,172,26,0,0,6,10,203,272,4,0,552317,5,0,0,0,0,0,0,0,0.000000,0,0,0,0,0,0,0,0,0,0,0,0,0,0,265.107430,0.000000
1761058002985,00031,111,5,139,139,1,61,0,495,363,63,323,109,85,132,280676,19,44,234,172,26,0,0,6,10,203,272,4,0,552317,5,18,11,6,2,10,7,1838,0.595714,1,5,2,7,3,0,0,0,0,10,8,0,0,0,368.386016,50.000000
1761058002985,00038,111,5,139,139,1,61,0,495,363,63,323,109,85,132,280676,19,44,234,172,26,0,0,6,10,203,272,4,0,552317,5,25,15,6,16,3,10,2452,1.017679,3,3,9,10,0,0,0,0,2,15,8,0,0,0,550.086858,90.000000
1761058002985,00046,111,5,139,139,1,61,0,495,363,63,323,109,85,132,280676,19,44,234,172,26,0,0,6,10,203,272,4,0,552317,5,15,9,15,0,0,6,794,1.340357,15,0,0,0,0,0,0,6,8,1,0,0,0,0,338.633016,20.000000
1761058003085,00009,111,5,139,139,1,52,0,456,379,166,252,38,73,77,203028,10,156,208,82,0,0,0,3,5,140,308,0,0,644999,5,420,355,151,234,35,65,199701,73.372143,0,151,202,67,0,0,0,0,0,126,294,0,0,644783,7945.491660,12260.000000
1761058003085,00016,111,5,139,139,1,52,0,456,379,166,252,38,73,77,203028,10,156,208,82,0,0,0,3,5,140,308,0,0,644999,5,0,0,0,0,0,0,0,0.000000,0,0,0,0,0,0,0,0,0,0,0,0,0,0,265.107430,0.000000
1761058003085,00031,111,5,139,139,1,52,0,456,379,166,252,38,73,77,203028,10,156,208,82,0,0,0,3,5,140,308,0,0,644999,5,9,5,2,4,3,4,1100,0.397143,1,1,4,3,0,0,0,0,3,2,4,0,0,0,372.583982,30.000000
1761058003085,00038,111,5,139,139,1,52,0,456,379,166,252,38,73,77,203028,10,156,208,82,0,0,0,3,5,140,308,0,0,644999,5,16,12,2,14,0,4,1645,0.546071,2,0,2,12,0,0,0,0,0,6,10,0,0,0,557.039107,90.000000
1761058003085,00046,111,5,139,139,1,52,0,456,379,166,252,38,73,77,203028,10,156,208,82,0,0,0,3,5,140,308,0,0,644999,5,11,7,11,0,0,4,582,0.744643,7,4,0,0,0,0,0,3,2,6,0,0,0,216,369.346289,40.000000
1761058003185,00009,111,5,139,139,1,65,0,468,358,290,163,15,91,110,196323,59,231,143,35,0,0,14,9,8,291,143,3,0,638701,5,420,331,256,149,15,89,193096,88.662143,28,228,132,32,0,0,0,0,0,283,134,3,0,638701,7621.894688,8170.000000
1761058003185,00016,111,5,139,139,1,65,0,468,358,290,163,15,91,110,196323,59,231,143,35,0,0,14,9,8,291,143,3,0,638701,5,0,0,0,0,0,0,0,0.000000,0,0,0,0,0,0,0,0,0,0,0,0,0,0,265.107430,0.000000
1761058003185,00031,111,5,139,139,1,65,0,468,358,290,163,15,91,110,196323,59,231,143,35,0,0,14,9,8,291,143,3,0,638701,5,0,0,0,0,0,0,0,0.000000,0,0,0,0,0,0,0,0,0,0,0,0,0,0,372.583982,0.000000
1761058003185,00038,111,5,139,139,1,65,0,468,358,290,163,15,91,110,196323,59,231,143,35,0,0,14,9,8,291,143,3,0,638701,5,17,13,3,14,0,4,1749,0.695000,0,3,11,3,0,0,0,0,0,8,9,0,0,0,559.435169,70.000000
1761058003185,00046,111,5,139,139,1,65,0,468,358,290,163,15,91,110,196323,59,231,143,35,0,0,14,9,8,291,143,3,0,638701,5,31,14,31,0,0,17,1478,3.400536,31,0,0,0,0,0,14,9,8,0,0,0,0,0,354.184117,60.000000
1761058003285,00009,111,5,139,139,1,64,0,441,357,364,77,0,90,84,155105,19,345,77,0,0,0,0,0,3,415,23,0,0,671634,4,422,342,353,69,0,80,153468,90.821607,19,334,69,0,0,0,0,0,3,396,23,0,0,671634,7293.062569,4400.000000
1761058003285,00016,111,5,139,139,1,64,0,441,357,364,77,0,90,84,155105,19,345,77,0,0,0,0,0,3,415,23,0,0,671634,4,0,0,0,0,0,0,0,0.000000,0,0,0,0,0,0,0,0,0,0,0,0,0,0,265.107430,0.000000
1761058003285,00031,111,5,139,139,1,64,0,441,357,364,77,0,90,84,155105,19,345,77,0,0,0,0,0,3,415,23,0,0,671634,4,0,0,0,0,0,0,0,0.000000,0,0,0,0,0,0,0,0,0,0,0,0,0,0,372.583982,0.000000
1761058003285,00038,111,5,139,139,1,64,0,441,357,364,77,0,90,84,155105,19,345,77,0,0,0,0,0,3,415,23,0,0,671634,4,19,15,11,8,0,4,1637,0.918393,0,11,8,0,0,0,0,0,0,19,0,0,0,0,572.798877,100.000000
1761058003385,00009,111,5,139,139,1,62,0,459,349,146,300,13,87,110,226803,9,137,272,38,3,0,0,0,4,222,230,3,0,806564,4,435,333,124,298,13,102,225052,86.726071,2,122,270,38,3,0,0,0,0,202,230,3,0,806564,7540.510978,10580.000000
1761058003385,00016,111,5,139,139,1,62,0,459,349,146,300,13,87,110,226803,9,137,272,38,3,0,0,0,4,222,230,3,0,806564,4,0,0,0,0,0,0,0,0.000000,0,0,0,0,0,0,0,0,0,0,0,0,0,0,265.107430,0.000000
1761058003385,00031,111,5,139,139,1,62,0,459,349,146,300,13,87,110,226803,9,137,272,38,3,0,0,0,4,222,230,3,0,806564,4,0,0,0,0,0,0,0,0.000000,0,0,0,0,0,0,0,0,0,0,0,0,0,0,372.583982,0.000000
1761058003385,00038,111,5,139,139,1,62,0,459,349,146,300,13,87,110,226803,9,137,272,38,3,0,0,0,4,222,230,3,0,806564,4,24,16,22,2,0,8,1751,1.489286,7,15,2,0,0,0,0,0,4,20,0,0,0,0,571.663141,110.000000
1761058003485,00009,111,5,139,139,1,72,0,430,354,204,218,8,101,76,234130,0,204,193,31,2,0,0,0,0,206,222,2,0,864272,4,416,342,203,206,7,74,232609,101.147321,0,203,190,21,2,0,0,0,0,206,208,2,0,864272,7690.403632,12680.000000
1761058003485,00016,111,5,139,139,1,72,0,430,354,204,218,8,101,76,234130,0,204,193,31,2,0,0,0,0,206,222,2,0,864272,4,0,0,0,0,0,0,0,0.000000,0,0,0,0,0,0,0,0,0,0,0,0,0,0,265.107430,0.000000
1761058003485,00031,111,5,139,139,1,72,0,430,354,204,218,8,101,76,234130,0,204,193,31,2,0,0,0,0,206,222,2,0,864272,4,0,0,0,0,0,0,0,0.000000,0,0,0,0,0,0,0,0,0,0,0,0,0,0,372.583982,0.000000
1761058003485,00038,111,5,139,139,1,72,0,430,354,204,218,8,101,76,234130,0,204,193,31,2,0,0,0,0,206,222,2,0,864272,4,14,12,1,12,1,2,1521,0.446786,0,1,3,10,0,0,0,0,0,0,14,0,0,0,574.137564,90.000000
1761058003585,00009,111,5,139,139,1,68,0,444,347,255,173,16,95,97,216916,0,255,157,27,5,0,0,0,0,289,149,6,0,841821,4,426,333,252,158,16,93,215158,95.537679,0,252,146,23,5,0,0,0,0,277,143,6,0,841821,7439.605162,5550.000000
1761058003585,00016,111,5,139,139,1,68,0,444,347,255,173,16,95,97,216916,0,255,157,27,5,0,0,0,0,289,149,6,0,841821,4,0,0,0,0,0,0,0,0.000000,0,0,0,0,0,0,0,0,0,0,0,0,0,0,265.107430,0.000000
1761058003585,00031,111,5,139,139,1,68,0,444,347,255,173,16,95,97,216916,0,255,157,27,5,0,0,0,0,289,149,6,0,841821,4,0,0,0,0,0,0,0,0.000000,0,0,0,0,0,0,0,0,0,0,0,0,0,0,372.583982,0.000000
1761058003585,00038,111,5,139,139,1,68,0,444,347,255,173,16,95,97,216916,0,255,157,27,5,0,0,0,0,289,149,6,0,841821,4,18,14,3,15,0,4,1758,0.670179,0,3,11,4,0,0,0,0,0,12,6,0,0,0,573.058793,70.000000
1761058003685,00009,111,5,139,139,1,71,0,438,340,229,193,16,99,98,218406,68,161,152,56,1,0,0,0,6,288,144,0,0,828461,4,420,325,229,178,13,95,215838,99.260893,68,161,144,46,1,0,0,0,6,285,129,0,0,828461,7247.030959,6600.000000
1761058003685,00016,111,5,139,139,1,71,0,438,340,229,193,16,99,98,218406,68,161,152,56,1,0,0,0,6,288,144,0,0,828461,4,0,0,0,0,0,0,0,0.000000,0,0,0,0,0,0,0,0,0,0,0,0,0,0,265.107430,0.000000
1761058003685,00031,111,5,139,139,1,71,0,438,340,229,193,16,99,98,218406,68,161,152,56,1,0,0,0,6,288,144,0,0,828461,4,0,0,0,0,0,0,0,0.000000,0,0,0,0,0,0,0,0,0,0,0,0,0,0,372.583982,0.000000
1761058003685,00038,111,5,139,139,1,71,0,438,340,229,193,16,99,98,218406,68,161,152,56,1,0,0,0,6,288,144,0,0,828461,4,18,15,0,15,3,3,2568,0.769464,0,0,8,10,0,0,0,0,0,3,15,0,0,0,573.737103,100.000000
1761058003785,00009,111,5,139,139,1,69,0,442,349,274,157,11,97,93,206329,7,267,146,22,0,0,0,0,0,254,186,2,0,920835,4,417,332,271,139,7,85,203661,97.275179,7,264,131,15,0,0,0,0,0,235,180,2,0,920835,7368.411356,8270.000000
1761058003785,00016,111,5,139,139,1,69,0,442,349,274,157,11,97,93,206329,7,267,146,22,0,0,0,0,0,254,186,2,0,920835,4,0,0,0,0,0,0,0,0.000000,0,0,0,0,0,0,0,0,0,0,0,0,0,0,265.107430,0.000000
1761058003785,00031,111,5,139,139,1,69,0,442,349,274,157,11,97,93,206329,7,267,146,22,0,0,0,0,0,254,186,2,0,920835,4,0,0,0,0,0,0,0,0.000000,0,0,0,0,0,0,0,0,0,0,0,0,0,0,372.583982,0.000000
1761058003785,00038,111,5,139,139,1,69,0,442,349,274,157,11,97,93,206329,7,267,146,22,0,0,0,0,0,254,186,2,0,920835,4,25,17,3,18,4,8,2668,0.918393,0,3,15,7,0,0,0,0,0,19,6,0,0,0,571.394126,90.000000
1761058003885,00009,111,5,139,139,1,63,0,451,360,425,26,0,88,91,76622,388,37,23,3,0,0,0,0,390,56,5,0,0,1036115,4,432,345,419,13,0,87,75057,88.513214,388,31,10,3,0,0,0,0,390,37,5,0,0,1036115,7503.577265,5650.000000
1761058003885,00016,111,5,139,139,1,63,0,451,360,425,26,0,88,91,76622,388,37,23,3,0,0,0,0,390,56,5,0,0,1036115,4,0,0,0,0,0,0,0,0.000000,0,0,0,0,0,0,0,0,0,0,0,0,0,0,265.107430,0.000000
1761058003885,00031,111,5,139,139,1,63,0,451,360,425,26,0,88,91,76622,388,37,23,3,0,0,0,0,390,56,5,0,0,1036115,4,0,0,0,0,0,0,0,0.000000,0,0,0,0,0,0,0,0,0,0,0,0,0,0,372.583982,0.000000
1761058003885,00038,111,5,139,139,1,63,0,451,360,425,26,0,88,91,76622,388,37,23,3,0,0,0,0,390,56,5,0,0,1036115,4,19,15,6,13,0,4,1565,0.719821,0,6,13,0,0,0,0,0,0,19,0,0,0,0,571.650103,80.000000
1761058003985,00009,111,5,139,139,1,70,0,430,355,368,57,5,98,75,170736,11,357,51,11,0,0,0,0,8,400,22,0,0,1161875,4,417,346,360,52,5,71,169798,98.317679,10,350,46,11,0,0,0,0,5,390,22,0,0,1161875,7724.099229,4920.000000
1761058003985,00016,111,5,139,139,1,70,0,430,355,368,57,5,98,75,170736,11,357,51,11,0,0,0,0,8,400,22,0,0,1161875,4,0,0,0,0,0,0,0,0.000000,0,0,0,0,0,0,0,0,0,0,0,0,0,0,265.107430,0.000000
1761058003985,00031,111,5,139,139,1,70,0,430,355,368,57,5,98,75,170736,11,357,51,11,0,0,0,0,8,400,22,0,0,1161875,4,0,0,0,0,0,0,0,0.000000,0,0,0,0,0,0,0,0,0,0,0,0,0,0,372.583982,0.000000
1761058003985,00038,111,5,139,139,1,70,0,430,355,368,57,5,98,75,170736,11,357,51,11,0,0,0,0,8,400,22,0,0,1161875,4,13,9,8,5,0,4,938,0.546071,1,7,5,0,0,0,0,0,3,10,0,0,0,0,572.573734,60.000000
1761058004085,00009,111,5,139,139,1,65,0,428,378,388,40,0,91,50,116003,250,138,39,1,0,0,0,0,197,222,9,0,0,1255161,3,412,364,376,36,0,48,114860,90.101786,246,130,35,1,0,0,0,0,197,210,5,0,0,1255161,7700.965010,5970.000000
1761058004085,00016,111,5,139,139,1,65,0,428,378,388,40,0,91,50,116003,250,138,39,1,0,0,0,0,197,222,9,0,0,1255161,3,0,0,0,0,0,0,0,0.000000,0,0,0,0,0,0,0,0,0,0,0,0,0,0,265.107430,0.000000
1761058004085,00038,111,5,139,139,1,65,0,428,378,388,40,0,91,50,116003,250,138,39,1,0,0,0,0,197,222,9,0,0,1255161,3,16,14,12,4,0,2,1143,1.017679,4,8,4,0,0,0,0,0,0,12,4,0,0,0,577.427158,90.000000
1761058004185,00009,111,5,139,139,1,71,0,453,340,392,44,17,99,113,115487,267,125,41,20,0,0,0,0,248,176,29,0,0,1310548,3,422,320,391,31,0,102,111979,99.782143,267,124,31,0,0,0,0,0,248,165,9,0,0,1310548,7432.105546,6490.000000
1761058004185,00016,111,5,139,139,1,71,0,453,340,392,44,17,99,113,115487,267,125,41,20,0,0,0,0,248,176,29,0,0,1310548,3,0,0,0,0,0,0,0,0.000000,0,0,0,0,0,0,0,0,0,0,0,0,0,0,265.107430,0.000000
1761058004185,00038,111,5,139,139,1,71,0,453,340,392,44,17,99,113,115487,267,125,41,20,0,0,0,0,248,176,29,0,0,1310548,3,31,20,1,13,17,11,3508,0.992857,0,1,10,20,0,0,0,0,0,11,20,0,0,0,580.381214,130.000000
1761058004285,00009,111,5,139,139,1,75,0,431,336,388,41,2,105,95,125766,287,101,36,7,0,0,0,0,220,189,22,0,0,1419495,3,419,328,387,32,0,91,124728,105.590357,286,101,31,1,0,0,0,0,220,188,11,0,0,1419495,7509.820409,9640.000000
1761058004285,00016,111,5,139,139,1,75,0,431,336,388,41,2,105,95,125766,287,101,36,7,0,0,0,0,220,189,22,0,0,1419495,3,0,0,0,0,0,0,0,0.000000,0,0,0,0,0,0,0,0,0,0,0,0,0,0,265.107430,0.000000
1761058004285,00038,111,5,139,139,1,75,0,431,336,388,41,2,105,95,125766,287,101,36,7,0,0,0,0,220,189,22,0,0,1419495,3,12,8,1,9,2,4,1038,0.322679,1,0,5,6,0,0,0,0,0,1,11,0,0,0,584.447263,60.000000
1761058004385,00009,111,5,139,139,1,66,0,435,358,379,40,16,92,77,125499,189,190,40,4,12,0,0,0,6,400,25,4,0,1560980,6,417,346,374,27,16,71,124312,92.410179,186,188,27,4,12,0,0,0,6,386,21,4,0,1560980,7645.746756,5440.000000
1761058004385,00016,111,5,139,139,1,66,0,435,358,379,40,16,92,77,125499,189,190,40,4,12,0,0,0,6,400,25,4,0,1560980,6,0,0,0,0,0,0,0,0.000000,0,0,0,0,0,0,0,0,0,0,0,0,0,0,265.107430,0.000000
1761058004385,00038,111,5,139,139,1,66,0,435,358,379,40,16,92,77,125499,189,190,40,4,12,0,0,0,6,400,25,4,0,1560980,6,8,6,4,4,0,2,365,0.248214,2,2,4,0,0,0,0,0,0,7,1,0,0,0,584.881868,0.000000
1761058004385,00004,111,5,139,139,1,66,0,435,358,379,40,16,92,77,125499,189,190,40,4,12,0,0,0,6,400,25,4,0,1560980,6,0,0,0,0,0,0,0,0.000000,0,0,0,0,0,0,0,0,0,0,0,0,0,0,250.693505,0.000000
1761058004385,00046,111,5,139,139,1,66,0,435,358,379,40,16,92,77,125499,189,190,40,4,12,0,0,0,6,400,25,4,0,1560980,6,0,0,0,0,0,0,0,0.000000,0,0,0,0,0,0,0,0,0,0,0,0,0,0,404.452899,0.000000
1761058004385,00063,111,5,139,139,1,66,0,435,358,379,40,16,92,77,125499,189,190,40,4,12,0,0,0,6,400,25,4,0,1560980,6,10,6,1,9,0,4,822,0.012007,1,0,9,0,0,0,0,0,0,7,3,0,0,0,383.742970,70.000000
1761058004485,00009,111,5,139,139,1,44,0,443,351,383,57,3,62,92,86335,209,174,39,21,0,0,0,0,131,257,55,0,0,1640838,6,375,307,337,38,0,68,80900,59.695536,174,163,24,14,0,0,0,0,92,235,48,0,0,1640838,7395.000242,6600.000000
1761058004485,00016,111,5,139,139,1,44,0,443,351,383,57,3,62,92,86335,209,174,39,21,0,0,0,0,131,257,55,0,0,1640838,6,0,0,0,0,0,0,0,0.000000,0,0,0,0,0,0,0,0,0,0,0,0,0,0,265.107430,0.000000
1761058004485,00038,111,5,139,139,1,44,0,443,351,383,57,3,62,92,86335,209,174,39,21,0,0,0,0,131,257,55,0,0,1640838,6,55,35,46,9,0,20,4230,3.574286,35,11,9,0,0,0,0,0,39,16,0,0,0,0,581.248130,210.000000
1761058004485,00004,111,5,139,139,1,44,0,443,351,383,57,3,62,92,86335,209,174,39,21,0,0,0,0,131,257,55,0,0,1640838,6,0,0,0,0,0,0,0,0.000000,0,0,0,0,0,0,0,0,0,0,0,0,0,0,250.693505,0.000000
1761058004485,00046,111,5,139,139,1,44,0,443,351,383,57,3,62,92,86335,209,174,39,21,0,0,0,0,131,257,55,0,0,1640838,6,0,0,0,0,0,0,0,0.000000,0,0,0,0,0,0,0,0,0,0,0,0,0,0,404.452899,0.000000
1761058004485,00063,111,5,139,139,1,44,0,443,351,383,57,3,62,92,86335,209,174,39,21,0,0,0,0,131,257,55,0,0,1640838,6,13,9,0,10,3,4,1205,0.397143,0,0,6,7,0,0,0,0,0,6,7,0,0,0,384.846915,50.000000
1761058004585,00009,111,5,139,139,1,34,0,364,270,344,20,0,48,94,39329,303,41,15,5,0,0,0,1,300,55,8,0,0,1745834,7,310,231,301,9,0,79,36056,46.316786,276,25,9,0,0,0,0,0,269,37,4,0,0,1745726,7204.511115,3140.000000
1761058004585,00016,111,5,139,139,1,34,0,364,270,344,20,0,48,94,39329,303,41,15,5,0,0,0,1,300,55,8,0,0,1745834,7,0,0,0,0,0,0,0,0.000000,0,0,0,0,0,0,0,0,0,0,0,0,0,0,265.107430,0.000000
1761058004585,00038,111,5,139,139,1,34,0,364,270,344,20,0,48,94,39329,303,41,15,5,0,0,0,1,300,55,8,0,0,1745834,7,28,22,24,4,0,6,1707,1.315536,13,11,4,0,0,0,0,0,13,14,1,0,0,0,575.559875,90.000000
1761058004585,00004,111,5,139,139,1,34,0,364,270,344,20,0,48,94,39329,303,41,15,5,0,0,0,1,300,55,8,0,0,1745834,7,0,0,0,0,0,0,0,0.000000,0,0,0,0,0,0,0,0,0,0,0,0,0,0,250.693505,0.000000
1761058004585,00046,111,5,139,139,1,34,0,364,270,344,20,0,48,94,39329,303,41,15,5,0,0,0,1,300,55,8,0,0,1745834,7,12,8,12,0,0,4,694,1.687857,9,3,0,0,0,0,0,1,10,1,0,0,0,108,385.859112,40.000000
1761058004585,00063,111,5,139,139,1,34,0,364,270,344,20,0,48,94,39329,303,41,15,5,0,0,0,1,300,55,8,0,0,1745834,7,13,8,6,7,0,5,857,0.471607,4,2,2,5,0,0,0,0,7,3,3,0,0,0,384.512736,30.000000
1761058004585,00032,111,5,139,139,1,34,0,364,270,344,20,0,48,94,39329,303,41,15,5,0,0,0,1,300,55,8,0,0,1745834,7,1,1,1,0,0,0,15,0.001504,1,0,0,0,0,0,0,0,1,0,0,0,0,0,311.167242,0.000000
1761058004685,00009,111,5,139,139,1,12,0,201,139,182,14,5,17,62,14257,162,20,12,7,0,0,0,15,116,56,13,1,0,1884767,7,141,97,137,4,0,44,10179,15.290000,128,9,2,2,0,0,0,13,91,33,4,0,0,1884170,7171.276095,2620.000000
1761058004685,00016,111,5,139,139,1,12,0,201,139,182,14,5,17,62,14257,162,20,12,7,0,0,0,15,116,56,13,1,0,1884767,7,6,4,6,0,0,2,245,0.223393,2,4,0,0,0,0,0,0,0,4,2,0,0,0,271.226176,0.000000
1761058004685,00038,111,5,139,139,1,12,0,201,139,182,14,5,17,62,14257,162,20,12,7,0,0,0,15,116,56,13,1,0,1884767,7,14,11,14,0,0,3,1265,1.042500,8,6,0,0,0,0,0,0,4,10,0,0,0,3,586.299168,100.000000
1761058004685,00004,111,5,139,139,1,12,0,201,139,182,14,5,17,62,14257,162,20,12,7,0,0,0,15,116,56,13,1,0,1884767,7,0,0,0,0,0,0,0,0.000000,0,0,0,0,0,0,0,0,0,0,0,0,0,0,250.693505,0.000000
1761058004685,00046,111,5,139,139,1,12,0,201,139,182,14,5,17,62,14257,162,20,12,7,0,0,0,15,116,56,13,1,0,1884767,7,20,12,15,5,0,8,1016,1.960893,15,0,5,0,0,0,0,2,15,2,1,0,0,594,403.208488,40.000000
1761058004685,00063,111,5,139,139,1,12,0,201,139,182,14,5,17,62,14257,162,20,12,7,0,0,0,15,116,56,13,1,0,1884767,7,17,12,7,5,5,5,1511,0.794286,6,1,5,5,0,0,0,0,5,5,6,1,0,0,388.965929,50.000000
1761058004685,00032,111,5,139,139,1,12,0,201,139,182,14,5,17,62,14257,162,20,12,7,0,0,0,15,116,56,13,1,0,1884767,7,3,3,3,0,0,0,41,0.124107,3,0,0,0,0,0,0,0,1,2,0,0,0,0,300.733254,0.000000
1761058004785,00009,111,5,139,139,1,6,0,110,72,97,9,4,9,38,7544,87,10,4,5,4,0,0,19,67,13,11,0,0,2029716,7,18,16,18,0,0,2,1358,2.631071,18,0,0,0,0,0,0,0,17,1,0,0,0,2029331,7203.955653,2300.000000
1761058004785,00016,111,5,139,139,1,6,0,110,72,97,9,4,9,38,7544,87,10,4,5,4,0,0,19,67,13,11,0,0,2029716,7,5,5,5,0,0,0,224,0.223393,3,2,0,0,0,0,0,0,0,5,0,0,0,0,282.890714,0.000000
1761058004785,00038,111,5,139,139,1,6,0,110,72,97,9,4,9,38,7544,87,10,4,5,4,0,0,19,67,13,11,0,0,2029716,7,27,15,27,0,0,12,1428,2.680714,27,0,0,0,0,0,0,0,26,1,0,0,0,270,577.999655,60.000000
1761058004785,00004,111,5,139,139,1,6,0,110,72,97,9,4,9,38,7544,87,10,4,5,4,0,0,19,67,13,11,0,0,2029716,7,0,0,0,0,0,0,0,0.000000,0,0,0,0,0,0,0,0,0,0,0,0,0,0,250.693505,0.000000
1761058004785,00046,111,5,139,139,1,6,0,110,72,97,9,4,9,38,7544,87,10,4,5,4,0,0,19,67,13,11,0,0,2029716,7,27,15,27,0,0,12,2069,4.790536,27,0,0,0,0,0,0,19,7,1,0,0,0,115,429.639625,120.000000
1761058004785,00063,111,5,139,139,1,6,0,110,72,97,9,4,9,38,7544,87,10,4,5,4,0,0,19,67,13,11,0,0,2029716,7,26,16,18,4,4,10,1990,1.514107,10,8,4,0,4,0,0,0,17,5,4,0,0,0,386.167562,50.000000
1761058004785,00032,111,5,139,139,1,6,0,110,72,97,9,4,9,38,7544,87,10,4,5,4,0,0,19,67,13,11,0,0,2029716,7,7,5,2,5,0,2,475,0.223393,2,0,0,5,0,0,0,0,0,0,7,0,0,0,300.776333,10.000000
1761058004885,00009,111,5,139,139,1,57,0,503,364,338,153,12,80,139,160199,80,258,127,38,0,0,0,0,12,381,110,0,0,2101466,6,451,329,320,127,4,122,155618,79.974643,66,254,110,21,0,0,0,0,11,354,86,0,0,2101466,7063.755681,2510.000000
1761058004885,00016,111,5,139,139,1,57,0,503,364,338,153,12,80,139,160199,80,258,127,38,0,0,0,0,12,381,110,0,0,2101466,6,5,5,3,2,0,0,321,0.248214,3,0,2,0,0,0,0,0,0,3,2,0,0,0,285.322402,10.000000
1761058004885,00038,111,5,139,139,1,57,0,503,364,338,153,12,80,139,160199,80,258,127,38,0,0,0,0,12,381,110,0,0,2101466,6,21,15,12,9,0,6,1806,1.116964,9,3,9,0,0,0,0,0,1,17,3,0,0,0,580.873909,100.000000
1761058004885,00004,111,5,139,139,1,57,0,503,364,338,153,12,80,139,160199,80,258,127,38,0,0,0,0,12,381,110,0,0,2101466,6,0,0,0,0,0,0,0,0.000000,0,0,0,0,0,0,0,0,0,0,0,0,0,0,250.693505,0.000000
1761058004885,00063,111,5,139,139,1,57,0,503,364,338,153,12,80,139,160199,80,258,127,38,0,0,0,0,12,381,110,0,0,2101466,6,16,9,1,7,8,7,1513,0.421964,1,0,1,14,0,0,0,0,0,4,12,0,0,0,388.655929,40.000000
1761058004885,00032,111,5,139,139,1,57,0,503,364,338,153,12,80,139,160199,80,258,127,38,0,0,0,0,12,381,110,0,0,2101466,6,10,6,2,8,0,4,941,0.372321,1,1,5,3,0,0,0,0,0,3,7,0,0,0,304.961992,10.000000
1761058004985,00009,111,5,139,139,1,55,0,463,406,29,27,407,77,57,585938,28,1,16,16,0,402,0,0,32,7,19,74,331,2218056,6,413,375,1,10,402,38,582251,75.184107,0,1,10,0,0,402,0,0,0,0,8,74,331,2218056,7218.373211,9530.000000
1761058004985,00016,111,5,139,139,1,55,0,463,406,29,27,407,77,57,585938,28,1,16,16,0,402,0,0,32,7,19,74,331,2218056,6,4,2,1,3,0,2,282,0.124107,1,0,0,3,0,0,0,0,0,3,1,0,0,0,279.408835,0.000000
1761058004985,00038,111,5,139,139,1,55,0,463,406,29,27,407,77,57,585938,28,1,16,16,0,402,0,0,32,7,19,74,331,2218056,6,28,17,24,4,0,11,1810,2.556607,24,0,4,0,0,0,0,0,28,0,0,0,0,0,575.019287,60.000000
1761058004985,00004,111,5,139,139,1,55,0,463,406,29,27,407,77,57,585938,28,1,16,16,0,402,0,0,32,7,19,74,331,2218056,6,0,0,0,0,0,0,0,0.000000,0,0,0,0,0,0,0,0,0,0,0,0,0,0,250.693505,0.000000
1761058004985,00063,111,5,139,139,1,55,0,463,406,29,27,407,77,57,585938,28,1,16,16,0,402,0,0,32,7,19,74,331,2218056,6,14,8,2,8,4,6,1263,0.546071,2,0,0,12,0,0,0,0,4,4,6,0,0,0,387.364083,30.000000
1761058004985,00032,111,5,139,139,1,55,0,463,406,29,27,407,77,57,585938,28,1,16,16,0,402,0,0,32,7,19,74,331,2218056,6,4,4,1,2,1,0,332,0.148929,1,0,2,1,0,0,0,0,0,0,4,0,0,0,305.608705,0.000000
1761058005085,00009,111,5,139,139,1,51,0,496,400,43,109,344,71,96,359749,21,22,21,171,244,17,0,0,2,54,195,223,22,2120210,6,434,356,0,99,335,78,354276,69.872321,0,0,17,156,244,17,0,0,0,0,191,221,22,2120210,7325.588266,11000.000000
1761058005085,00016,111,5,139,139,1,51,0,496,400,43,109,344,71,96,359749,21,22,21,171,244,17,0,0,2,54,195,223,22,2120210,6,5,5,4,1,0,0,155,0.173750,2,2,1,0,0,0,0,0,0,5,0,0,0,0,264.943989,10.000000
1761058005085,00038,111,5,139,139,1,51,0,496,400,43,109,344,71,96,359749,21,22,21,171,244,17,0,0,2,54,195,223,22,2120210,6,36,28,33,3,0,8,3320,2.804821,15,18,3,0,0,0,0,0,2,34,0,0,0,0,578.909069,130.000000
1761058005085,00004,111,5,139,139,1,51,0,496,400,43,109,344,71,96,359749,21,22,21,171,244,17,0,0,2,54,195,223,22,2120210,6,0,0,0,0,0,0,0,0.000000,0,0,0,0,0,0,0,0,0,0,0,0,0,0,250.693505,0.000000
1761058005085,00063,111,5,139,139,1,51,0,496,400,43,109,344,71,96,359749,21,22,21,171,244,17,0,0,2,54,195,223,22,2120210,6,18,8,3,6,9,10,1953,0.620536,1,2,0,15,0,0,0,0,0,12,4,2,0,0,387.455282,40.000000
1761058005085,00032,111,5,139,139,1,51,0,496,400,43,109,344,71,96,359749,21,22,21,171,244,17,0,0,2,54,195,223,22,2120210,6,3,3,3,0,0,0,45,0.148929,3,0,0,0,0,0,0,0,0,3,0,0,0,0,297.430173,10.000000
1761058005185,00009,111,5,139,139,1,61,0,455,372,15,5,435,85,83,595391,9,6,0,15,312,113,0,0,0,15,16,402,22,1784897,6,426,350,0,0,426,76,593411,85.063036,0,0,0,4,309,113,0,0,0,0,2,402,22,1784897,7650.328957,14350.000000
1761058005185,00016,111,5,139,139,1,61,0,455,372,15,5,435,85,83,595391,9,6,0,15,312,113,0,0,0,15,16,402,22,1784897,6,2,2,2,0,0,0,30,0.099286,2,0,0,0,0,0,0,0,0,1,1,0,0,0,256.644898,0.000000
1761058005185,00038,111,5,139,139,1,61,0,455,372,15,5,435,85,83,595391,9,6,0,15,312,113,0,0,0,15,16,402,22,1784897,6,6,6,6,0,0,0,141,0.173750,2,4,0,0,0,0,0,0,0,6,0,0,0,0,579.309856,10.000000
1761058005185,00004,111,5,139,139,1,61,0,455,372,15,5,435,85,83,595391,9,6,0,15,312,113,0,0,0,15,16,402,22,1784897,6,0,0,0,0,0,0,0,0.000000,0,0,0,0,0,0,0,0,0,0,0,0,0,0,250.693505,0.000000
1761058005185,00063,111,5,139,139,1,61,0,455,372,15,5,435,85,83,595391,9,6,0,15,312,113,0,0,0,15,16,402,22,1784897,6,15,8,1,5,9,7,1677,0.421964,0,1,0,11,3,0,0,0,0,4,11,0,0,0,389.054444,50.000000
1761058005185,00032,111,5,139,139,1,61,0,455,372,15,5,435,85,83,595391,9,6,0,15,312,113,0,0,0,15,16,402,22,1784897,6,6,6,6,0,0,0,132,0.347500,5,1,0,0,0,0,0,0,0,4,2,0,0,0,291.855470,0.000000
1761058005285,00009,111,5,139,139,1,64,0,455,371,16,6,433,89,84,568635,13,3,2,7,425,5,0,1,8,8,14,305,119,1588636,6,424,348,0,0,424,76,566226,89.977679,0,0,0,0,419,5,0,0,0,0,0,305,119,1588636,7855.556480,10580.000000
1761058005285,00016,111,5,139,139,1,64,0,455,371,16,6,433,89,84,568635,13,3,2,7,425,5,0,1,8,8,14,305,119,1588636,6,6,4,2,1,3,2,440,0.198571,2,0,1,3,0,0,0,0,0,0,6,0,0,0,266.376337,0.000000
1761058005285,00038,111,5,139,139,1,64,0,455,371,16,6,433,89,84,568635,13,3,2,7,425,5,0,1,8,8,14,305,119,1588636,6,4,4,4,0,0,0,75,0.173750,3,1,0,0,0,0,0,0,3,1,0,0,0,0,579.602141,0.000000
1761058005285,00004,111,5,139,139,1,64,0,455,371,16,6,433,89,84,568635,13,3,2,7,425,5,0,1,8,8,14,305,119,1588636,6,0,0,0,0,0,0,0,0.000000,0,0,0,0,0,0,0,0,0,0,0,0,0,0,250.693505,0.000000
1761058005285,00063,111,5,139,139,1,64,0,455,371,16,6,433,89,84,568635,13,3,2,7,425,5,0,1,8,8,14,305,119,1588636,6,15,9,4,5,6,6,1675,0.595714,2,2,1,4,6,0,0,0,0,7,8,0,0,0,390.934059,50.000000
1761058005285,00032,111,5,139,139,1,64,0,455,371,16,6,433,89,84,568635,13,3,2,7,425,5,0,1,8,8,14,305,119,1588636,6,6,6,6,0,0,0,219,0.496429,6,0,0,0,0,0,0,1,5,0,0,0,0,0,289.153286,10.000000
1761058005385,00009,111,5,139,139,1,63,0,444,372,18,184,242,88,72,431765,13,5,126,141,159,0,0,0,12,10,242,123,57,1720946,6,414,348,0,173,241,66,429992,88.811071,0,0,119,136,159,0,0,0,0,0,234,123,57,1720946,8164.565805,33850.000000
1761058005385,00016,111,5,139,139,1,63,0,444,372,18,184,242,88,72,431765,13,5,126,141,159,0,0,0,12,10,242,123,57,1720946,6,0,0,0,0,0,0,0,0.000000,0,0,0,0,0,0,0,0,0,0,0,0,0,0,266.376337,0.000000
1761058005385,00038,111,5,139,139,1,63,0,444,372,18,184,242,88,72,431765,13,5,126,141,159,0,0,0,12,10,242,123,57,1720946,6,5,5,5,0,0,0,145,0.372321,4,1,0,0,0,0,0,0,0,5,0,0,0,0,579.206397,0.000000
1761058005385,00004,111,5,139,139,1,63,0,444,372,18,184,242,88,72,431765,13,5,126,141,159,0,0,0,12,10,242,123,57,1720946,6,0,0,0,0,0,0,0,0.000000,0,0,0,0,0,0,0,0,0,0,0,0,0,0,250.693505,0.000000
1761058005385,00063,111,5,139,139,1,63,0,444,372,18,184,242,88,72,431765,13,5,126,141,159,0,0,0,12,10,242,123,57,1720946,6,17,13,5,11,1,4,1278,0.645357,4,1,7,5,0,0,0,0,6,3,8,0,0,0,391.914865,40.000000
1761058005385,00032,111,5,139,139,1,63,0,444,372,18,184,242,88,72,431765,13,5,126,141,159,0,0,0,12,10,242,123,57,1720946,6,8,6,8,0,0,2,350,0.570893,5,3,0,0,0,0,0,0,6,2,0,0,0,0,297.205330,0.000000
1761058005485,00009,111,5,139,139,1,65,0,438,374,14,23,401,91,64,571602,13,1,5,24,394,1,0,5,2,8,16,236,171,1733268,5,420,360,0,19,401,60,570953,91.367679,0,0,1,24,394,1,0,0,0,0,16,233,171,1732998,8574.173516,25670.000000
1761058005485,00016,111,5,139,139,1,65,0,438,374,14,23,401,91,64,571602,13,1,5,24,394,1,0,5,2,8,16,236,171,1733268,5,3,3,3,0,0,0,90,0.273036,3,0,0,0,0,0,0,0,0,0,0,3,0,0,265.484713,0.000000
1761058005485,00038,111,5,139,139,1,65,0,438,374,14,23,401,91,64,571602,13,1,5,24,394,1,0,5,2,8,16,236,171,1733268,5,5,3,5,0,0,2,75,0.248214,5,0,0,0,0,0,0,3,1,1,0,0,0,0,579.364318,0.000000
1761058005485,00063,111,5,139,139,1,65,0,438,374,14,23,401,91,64,571602,13,1,5,24,394,1,0,5,2,8,16,236,171,1733268,5,6,4,2,4,0,2,310,0.198571,2,0,4,0,0,0,0,2,0,4,0,0,0,270,393.662076,10.000000
1761058005485,00032,111,5,139,139,1,65,0,438,374,14,23,401,91,64,571602,13,1,5,24,394,1,0,5,2,8,16,236,171,1733268,5,4,4,4,0,0,0,174,0.297857,3,1,0,0,0,0,0,0,1,3,0,0,0,0,297.383319,0.000000
1761058005585,00009,111,5,139,139,1,75,0,435,360,22,15,398,105,75,603155,10,12,0,78,312,23,0,4,4,14,19,335,59,1389898,6,409,343,0,15,394,66,600350,105.267679,0,0,0,78,308,23,0,0,0,0,18,334,57,1389844,8794.114676,11630.000000
1761058005585,00016,111,5,139,139,1,75,0,435,360,22,15,398,105,75,603155,10,12,0,78,312,23,0,4,4,14,19,335,59,1389898,6,0,0,0,0,0,0,0,0.000000,0,0,0,0,0,0,0,0,0,0,0,0,0,0,265.484713,0.000000
1761058005585,00038,111,5,139,139,1,75,0,435,360,22,15,398,105,75,603155,10,12,0,78,312,23,0,4,4,14,19,335,59,1389898,6,1,1,1,0,0,0,15,0.049643,1,0,0,0,0,0,0,0,1,0,0,0,0,0,579.412909,0.000000
1761058005585,00063,111,5,139,139,1,75,0,435,360,22,15,398,105,75,603155,10,12,0,78,312,23,0,4,4,14,19,335,59,1389898,6,13,8,13,0,0,5,614,0.918393,7,6,0,0,0,0,0,4,3,6,0,0,0,54,395.345766,40.000000
1761058005585,00032,111,5,139,139,1,75,0,435,360,22,15,398,105,75,603155,10,12,0,78,312,23,0,4,4,14,19,335,59,1389898,6,0,0,0,0,0,0,0,0.000000,0,0,0,0,0,0,0,0,0,0,0,0,0,0,297.383319,0.000000
1761058005585,00054,111,5,139,139,1,75,0,435,360,22,15,398,105,75,603155,10,12,0,78,312,23,0,4,4,14,19,335,59,1389898,6,12,8,8,0,4,4,2176,0.021354,2,6,0,0,4,0,0,0,0,8,1,1,2,0,448.300635,100.000000
1761058005685,00009,111,5,139,139,1,67,0,479,370,13,32,434,94,109,541090,10,3,0,83,383,0,0,0,2,15,5,410,47,1227793,5,435,342,0,32,403,93,535664,93.030714,0,0,0,81,354,0,0,0,0,0,2,388,45,1227793,8900.954680,11100.000000
1761058005685,00016,111,5,139,139,1,67,0,479,370,13,32,434,94,109,541090,10,3,0,83,383,0,0,0,2,15,5,410,47,1227793,5,5,3,2,0,3,2,471,0.173750,2,0,0,0,3,0,0,0,0,0,0,5,0,0,262.013643,0.000000
1761058005685,00038,111,5,139,139,1,67,0,479,370,13,32,434,94,109,541090,10,3,0,83,383,0,0,0,2,15,5,410,47,1227793,5,3,3,3,0,0,0,45,0.148929,3,0,0,0,0,0,0,0,2,1,0,0,0,0,579.558682,0.000000
1761058005685,00032,111,5,139,139,1,67,0,479,370,13,32,434,94,109,541090,10,3,0,83,383,0,0,0,2,15,5,410,47,1227793,5,0,0,0,0,0,0,0,0.000000,0,0,0,0,0,0,0,0,0,0,0,0,0,0,297.383319,0.000000
1761058005685,00054,111,5,139,139,1,67,0,479,370,13,32,434,94,109,541090,10,3,0,83,383,0,0,0,2,15,5,410,47,1227793,5,36,22,8,0,28,14,4910,1.216250,5,3,0,2,26,0,0,0,0,14,3,17,2,0,509.412593,170.000000
1761058005785,00009,111,5,139,139,1,74,0,445,348,2,4,439,103,97,629850,1,1,2,35,398,8,0,0,0,2,8,335,100,1371893,4,420,327,0,2,418,93,625689,103.728750,0,0,0,35,377,8,0,0,0,0,4,328,88,1371893,9339.036657,10680.000000
1761058005785,00016,111,5,139,139,1,74,0,445,348,2,4,439,103,97,629850,1,1,2,35,398,8,0,0,0,2,8,335,100,1371893,4,5,5,1,0,4,0,511,0.148929,1,0,0,0,4,0,0,0,0,0,0,5,0,0,264.529342,10.000000
1761058005785,00032,111,5,139,139,1,74,0,445,348,2,4,439,103,97,629850,1,1,2,35,398,8,0,0,0,2,8,335,100,1371893,4,0,0,0,0,0,0,0,0.000000,0,0,0,0,0,0,0,0,0,0,0,0,0,0,297.383319,0.000000
1761058005785,00054,111,5,139,139,1,74,0,445,348,2,4,439,103,97,629850,1,1,2,35,398,8,0,0,0,2,8,335,100,1371893,4,20,16,1,2,17,4,3650,0.670179,0,1,2,0,17,0,0,0,0,2,4,2,12,0,556.850758,150.000000
1761058005885,00009,111,5,139,139,1,75,0,442,366,9,0,433,105,76,660424,3,6,0,0,429,4,0,0,0,12,0,250,180,1404097,4,415,348,0,0,415,67,656766,105.292500,0,0,0,0,411,4,0,0,0,0,0,242,173,1404097,9719.452385,38560.000000
1761058005885,00016,111,5,139,139,1,75,0,442,366,9,0,433,105,76,660424,3,6,0,0,429,4,0,0,0,12,0,250,180,1404097,4,3,3,3,0,0,0,45,0.148929,3,0,0,0,0,0,0,0,0,2,0,1,0,0,257.930187,0.000000
1761058005885,00032,111,5,139,139,1,75,0,442,366,9,0,433,105,76,660424,3,6,0,0,429,4,0,0,0,12,0,250,180,1404097,4,0,0,0,0,0,0,0,0.000000,0,0,0,0,0,0,0,0,0,0,0,0,0,0,297.383319,0.000000
1761058005885,00054,111,5,139,139,1,75,0,442,366,9,0,433,105,76,660424,3,6,0,0,429,4,0,0,0,12,0,250,180,1404097,4,24,15,6,0,18,9,3613,0.943214,0,6,0,0,18,0,0,0,0,10,0,7,7,0,568.969915,100.000000
1761058005985,00009,111,5,139,139,1,74,0,432,383,4,0,428,103,49,660026,2,2,0,0,422,6,0,0,0,4,1,286,141,954192,4,413,368,0,0,413,45,657561,103.877679,0,0,0,0,407,6,0,0,0,0,0,274,139,954192,9959.496748,25780.000000
1761058005985,00016,111,5,139,139,1,74,0,432,383,4,0,428,103,49,660026,2,2,0,0,422,6,0,0,0,4,1,286,141,954192,4,4,4,2,0,2,0,347,0.148929,2,0,0,0,2,0,0,0,0,0,0,2,2,0,254.964797,10.000000
1761058005985,00032,111,5,139,139,1,74,0,432,383,4,0,428,103,49,660026,2,2,0,0,422,6,0,0,0,4,1,286,141,954192,4,0,0,0,0,0,0,0,0.000000,0,0,0,0,0,0,0,0,0,0,0,0,0,0,297.383319,0.000000
1761058005985,00054,111,5,139,139,1,74,0,432,383,4,0,428,103,49,660026,2,2,0,0,422,6,0,0,0,4,1,286,141,954192,4,15,11,2,0,13,4,2118,0.496429,0,2,0,0,13,0,0,0,0,4,1,10,0,0,573.352222,50.000000
1761058006085,00009,111,5,139,139,1,82,0,411,389,2,1,408,115,22,738003,2,0,1,0,395,13,0,0,0,0,4,214,193,703358,4,400,382,0,0,400,18,736480,115.072143,0,0,0,0,387,13,0,0,0,0,0,209,191,703358,10282.395610,2200.000000
1761058006085,00016,111,5,139,139,1,82,0,411,389,2,1,408,115,22,738003,2,0,1,0,395,13,0,0,0,0,4,214,193,703358,4,4,4,2,0,2,0,347,0.148929,2,0,0,0,2,0,0,0,0,0,0,2,2,0,257.958004,0.000000
1761058006085,00032,111,5,139,139,1,82,0,411,389,2,1,408,115,22,738003,2,0,1,0,395,13,0,0,0,0,4,214,193,703358,4,0,0,0,0,0,0,0,0.000000,0,0,0,0,0,0,0,0,0,0,0,0,0,0,297.383319,0.000000
1761058006085,00054,111,5,139,139,1,82,0,411,389,2,1,408,115,22,738003,2,0,1,0,395,13,0,0,0,0,4,214,193,703358,4,7,3,0,1,6,4,1176,0.223393,0,0,1,0,6,0,0,0,0,0,4,3,0,0,580.672872,40.000000
1761058006185,00009,111,5,139,139,1,81,0,413,375,4,8,401,113,38,702113,4,0,0,24,384,1,0,0,3,0,0,226,184,583676,5,406,368,0,8,398,38,701538,113.781429,0,0,0,24,382,0,0,0,0,0,0,225,181,583676,10717.406956,73040.000000
1761058006185,00016,111,5,139,139,1,81,0,413,375,4,8,401,113,38,702113,4,0,0,24,384,1,0,0,3,0,0,226,184,583676,5,4,4,1,0,3,0,525,0.124107,1,0,0,0,2,1,0,0,0,0,0,1,3,0,267.725565,10.000000
1761058006185,00032,111,5,139,139,1,81,0,413,375,4,8,401,113,38,702113,4,0,0,24,384,1,0,0,3,0,0,226,184,583676,5,3,3,3,0,0,0,50,0.124107,3,0,0,0,0,0,0,0,3,0,0,0,0,0,297.910829,0.000000
1761058006185,00054,111,5,139,139,1,81,0,413,375,4,8,401,113,38,702113,4,0,0,24,384,1,0,0,3,0,0,226,184,583676,5,0,0,0,0,0,0,0,0.000000,0,0,0,0,0,0,0,0,0,0,0,0,0,0,580.672872,0.000000
1761058006185,00063,111,5,139,139,1,81,0,413,375,4,8,401,113,38,702113,4,0,0,24,384,1,0,0,3,0,0,226,184,583676,5,0,0,0,0,0,0,0,0.000000,0,0,0,0,0,0,0,0,0,0,0,0,0,0,395.030347,0.000000
1761058006285,00009,111,5,139,139,1,78,0,419,337,8,82,329,109,82,555574,8,0,34,173,194,10,0,0,2,3,162,182,70,303761,5,411,329,0,82,329,82,555399,109.983750,0,0,34,173,194,10,0,0,0,0,162,179,70,303761,10766.943573,13410.000000
1761058006285,00016,111,5,139,139,1,78,0,419,337,8,82,329,109,82,555574,8,0,34,173,194,10,0,0,2,3,162,182,70,303761,5,3,3,3,0,0,0,45,0.148929,3,0,0,0,0,0,0,0,0,0,0,3,0,0,269.221465,0.000000
1761058006285,00032,111,5,139,139,1,78,0,419,337,8,82,329,109,82,555574,8,0,34,173,194,10,0,0,2,3,162,182,70,303761,5,5,5,5,0,0,0,130,0.397143,5,0,0,0,0,0,0,0,2,3,0,0,0,0,298.866526,0.000000
1761058006285,00054,111,5,139,139,1,78,0,419,337,8,82,329,109,82,555574,8,0,34,173,194,10,0,0,2,3,162,182,70,303761,5,0,0,0,0,0,0,0,0.000000,0,0,0,0,0,0,0,0,0,0,0,0,0,0,573.898702,0.000000
1761058006285,00063,111,5,139,139,1,78,0,419,337,8,82,329,109,82,555574,8,0,34,173,194,10,0,0,2,3,162,182,70,303761,5,0,0,0,0,0,0,0,0.000000,0,0,0,0,0,0,0,0,0,0,0,0,0,0,395.030347,0.000000
1761058006385,00009,111,5,139,139,1,77,0,419,386,4,0,415,108,33,768439,1,3,0,0,275,140,0,0,0,4,0,42,373,129962,4,407,376,0,0,407,31,766924,108.420000,0,0,0,0,268,139,0,0,0,0,0,40,367,129962,11070.794882,8800.000000
1761058006385,00016,111,5,139,139,1,77,0,419,386,4,0,415,108,33,768439,1,3,0,0,275,140,0,0,0,4,0,42,373,129962,4,8,6,0,0,8,2,1337,0.198571,0,0,0,0,7,1,0,0,0,0,0,2,6,0,275.141799,10.000000
1761058006385,00032,111,5,139,139,1,77,0,419,386,4,0,415,108,33,768439,1,3,0,0,275,140,0,0,0,4,0,42,373,129962,4,4,4,4,0,0,0,178,0.148929,1,3,0,0,0,0,0,0,0,4,0,0,0,0,288.059180,20.000000
1761058006385,00054,111,5,139,139,1,77,0,419,386,4,0,415,108,33,768439,1,3,0,0,275,140,0,0,0,4,0,42,373,129962,4,0,0,0,0,0,0,0,0.000000,0,0,0,0,0,0,0,0,0,0,0,0,0,0,573.898702,0.000000
1761058006485,00009,111,5,139,139,1,69,0,439,386,15,4,420,96,53,570548,10,5,4,18,398,4,0,4,6,6,2,397,24,189045,5,416,372,0,0,416,44,568549,96.431250,0,0,0,18,397,1,0,0,0,0,0,394,22,189045,11418.303414,63610.000000
1761058006485,00016,111,5,139,139,1,69,0,439,386,15,4,420,96,53,570548,10,5,4,18,398,4,0,4,6,6,2,397,24,189045,5,5,3,1,0,4,2,741,0.148929,1,0,0,0,1,3,0,0,0,0,0,3,2,0,276.176491,0.000000
1761058006485,00032,111,5,139,139,1,69,0,439,386,15,4,420,96,53,570548,10,5,4,18,398,4,0,4,6,6,2,397,24,189045,5,6,4,3,3,0,2,488,0.248214,2,1,3,0,0,0,0,0,2,4,0,0,0,0,291.928617,0.000000
1761058006485,00054,111,5,139,139,1,69,0,439,386,15,4,420,96,53,570548,10,5,4,18,398,4,0,4,6,6,2,397,24,189045,5,0,0,0,0,0,0,0,0.000000,0,0,0,0,0,0,0,0,0,0,0,0,0,0,573.898702,0.000000
1761058006485,00031,111,5,139,139,1,69,0,439,386,15,4,420,96,53,570548,10,5,4,18,398,4,0,4,6,6,2,397,24,189045,5,12,7,11,1,0,5,770,0.016704,7,4,1,0,0,0,0,4,4,2,2,0,0,0,440.703090,70.000000
1761058006585,00009,111,5,139,139,1,35,0,849,581,199,206,444,50,268,412106,98,101,157,64,390,39,0,0,86,179,146,247,191,4215363,6,432,319,0,0,432,113,315284,49.369821,0,0,0,7,389,36,0,0,0,0,0,247,185,90087,11268.815756,4400.000000
1761058006585,00016,111,5,139,139,1,35,0,849,581,199,206,444,50,268,412106,98,101,157,64,390,39,0,0,86,179,146,247,191,4215363,6,6,6,2,0,4,0,833,0.198571,2,0,0,0,1,3,0,0,0,0,0,0,6,0,278.144798,10.000000
1761058006585,00032,111,5,139,139,1,35,0,849,581,199,206,444,50,268,412106,98,101,157,64,390,39,0,0,86,179,146,247,191,4215363,6,22,12,13,9,0,10,1304,0.843929,9,4,9,0,0,0,0,0,4,18,0,0,0,0,300.021152,10.000000
1761058006585,00054,111,5,139,139,1,35,0,849,581,199,206,444,50,268,412106,98,101,157,64,390,39,0,0,86,179,146,247,191,4215363,6,0,0,0,0,0,0,0,0.000000,0,0,0,0,0,0,0,0,0,0,0,0,0,0,573.898702,0.000000
1761058006585,00031,111,5,139,139,1,35,0,849,581,199,206,444,50,268,412106,98,101,157,64,390,39,0,0,86,179,146,247,191,4215363,6,34,22,21,13,0,12,2585,1.514107,8,13,13,0,0,0,0,0,15,9,10,0,0,0,440.975724,80.000000
1761058006585,00045,111,5,139,139,1,35,0,849,581,199,206,444,50,268,412106,98,101,157,64,390,39,0,0,86,179,146,247,191,4215363,6,355,222,163,184,8,133,92100,0.759990,79,84,135,57,0,0,0,0,67,152,136,0,0,4125276,6077.165822,3350.000000
1761058006685,00009,111,5,139,139,1,75,0,898,584,300,186,412,105,314,392880,191,109,156,102,326,14,0,7,183,214,180,251,63,4259225,6,431,289,0,19,412,142,294238,52.125000,0,0,3,88,326,14,0,0,0,0,117,251,63,41695,11094.670521,7650.000000
1761058006685,00016,111,5,139,139,1,75,0,898,584,300,186,412,105,314,392880,191,109,156,102,326,14,0,7,183,214,180,251,63,4259225,6,0,0,0,0,0,0,0,0.000000,0,0,0,0,0,0,0,0,0,0,0,0,0,0,278.144798,0.000000
1761058006685,00032,111,5,139,139,1,75,0,898,584,300,186,412,105,314,392880,191,109,156,102,326,14,0,7,183,214,180,251,63,4259225,6,11,7,6,5,0,4,736,0.372321,3,3,5,0,0,0,0,0,4,5,2,0,0,0,310.234889,0.000000
1761058006685,00054,111,5,139,139,1,75,0,898,584,300,186,412,105,314,392880,191,109,156,102,326,14,0,7,183,214,180,251,63,4259225,6,0,0,0,0,0,0,0,0.000000,0,0,0,0,0,0,0,0,0,0,0,0,0,0,573.898702,0.000000
1761058006685,00031,111,5,139,139,1,75,0,898,584,300,186,412,105,314,392880,191,109,156,102,326,14,0,7,183,214,180,251,63,4259225,6,13,7,13,0,0,6,333,0.794286,13,0,0,0,0,0,0,7,3,3,0,0,0,0,435.200027,10.000000
1761058006685,00045,111,5,139,139,1,75,0,898,584,300,186,412,105,314,392880,191,109,156,102,326,14,0,7,183,214,180,251,63,4259225,6,443,281,281,162,0,162,97573,53.837679,175,106,148,14,0,0,0,0,176,206,61,0,0,4217530,5948.459969,2820.000000
1761058006785,00009,111,5,139,139,1,76,0,876,604,199,546,131,106,272,309888,68,131,401,246,30,0,0,2,73,312,474,15,0,4484994,6,415,299,0,297,118,116,176226,51.032857,0,0,222,163,30,0,0,0,0,71,329,15,0,149874,11108.625189,23990.000000
1761058006785,00016,111,5,139,139,1,76,0,876,604,199,546,131,106,272,309888,68,131,401,246,30,0,0,2,73,312,474,15,0,4484994,6,4,4,3,1,0,0,140,0.124107,2,1,0,1,0,0,0,0,0,1,3,0,0,0,277.505724,0.000000
1761058006785,00032,111,5,139,139,1,76,0,876,604,199,546,131,106,272,309888,68,131,401,246,30,0,0,2,73,312,474,15,0,4484994,6,5,5,5,0,0,0,86,0.173750,4,1,0,0,0,0,0,0,1,4,0,0,0,0,301.476460,10.000000
1761058006785,00054,111,5,139,139,1,76,0,876,604,199,546,131,106,272,309888,68,131,401,246,30,0,0,2,73,312,474,15,0,4484994,6,0,0,0,0,0,0,0,0.000000,0,0,0,0,0,0,0,0,0,0,0,0,0,0,573.898702,0.000000
1761058006785,00031,111,5,139,139,1,76,0,876,604,199,546,131,106,272,309888,68,131,401,246,30,0,0,2,73,312,474,15,0,4484994,6,9,7,8,1,0,2,525,0.446786,3,5,1,0,0,0,0,2,1,6,0,0,0,0,434.367245,10.000000
1761058006785,00045,111,5,139,139,1,76,0,876,604,199,546,131,106,272,309888,68,131,401,246,30,0,0,2,73,312,474,15,0,4484994,6,443,289,183,247,13,154,132911,55.227679,59,124,178,82,0,0,0,0,71,230,142,0,0,4335120,5892.372068,2930.000000
1761058006885,00009,111,5,139,139,1,80,0,835,599,177,360,298,112,236,385723,17,160,225,287,144,2,0,0,0,247,482,103,3,4610901,5,381,296,3,106,272,85,224977,51.578929,0,3,54,180,144,0,0,0,0,0,278,103,0,152641,11019.832415,14250.000000
1761058006885,00016,111,5,139,139,1,80,0,835,599,177,360,298,112,236,385723,17,160,225,287,144,2,0,0,0,247,482,103,3,4610901,5,3,3,1,0,2,0,437,0.099286,1,0,0,0,0,2,0,0,0,0,0,0,3,0,279.966862,0.000000
1761058006885,00032,111,5,139,139,1,80,0,835,599,177,360,298,112,236,385723,17,160,225,287,144,2,0,0,0,247,482,103,3,4610901,5,4,4,4,0,0,0,66,0.148929,3,1,0,0,0,0,0,0,0,4,0,0,0,0,298.923659,0.000000
1761058006885,00054,111,5,139,139,1,80,0,835,599,177,360,298,112,236,385723,17,160,225,287,144,2,0,0,0,247,482,103,3,4610901,5,0,0,0,0,0,0,0,0.000000,0,0,0,0,0,0,0,0,0,0,0,0,0,0,573.898702,0.000000
1761058006885,00045,111,5,139,139,1,80,0,835,599,177,360,298,112,236,385723,17,160,225,287,144,2,0,0,0,247,482,103,3,4610901,5,447,296,169,254,24,151,160243,61.308929,13,156,171,107,0,0,0,0,0,243,204,0,0,4458260,5964.675084,4190.000000
1761058006985,00009,111,5,139,139,1,82,0,807,624,170,304,333,115,183,416344,1,169,222,221,194,0,0,0,0,190,470,147,0,4669621,5,393,314,0,67,326,79,270214,56.841071,0,0,9,190,194,0,0,0,0,0,246,147,0,101733,10886.757547,16340.000000
1761058006985,00016,111,5,139,139,1,82,0,807,624,170,304,333,115,183,416344,1,169,222,221,194,0,0,0,0,190,470,147,0,4669621,5,0,0,0,0,0,0,0,0.000000,0,0,0,0,0,0,0,0,0,0,0,0,0,0,279.966862,0.000000
1761058006985,00032,111,5,139,139,1,82,0,807,624,170,304,333,115,183,416344,1,169,222,221,194,0,0,0,0,190,470,147,0,4669621,5,0,0,0,0,0,0,0,0.000000,0,0,0,0,0,0,0,0,0,0,0,0,0,0,298.923659,0.000000
1761058006985,00054,111,5,139,139,1,82,0,807,624,170,304,333,115,183,416344,1,169,222,221,194,0,0,0,0,190,470,147,0,4669621,5,0,0,0,0,0,0,0,0.000000,0,0,0,0,0,0,0,0,0,0,0,0,0,0,573.898702,0.000000
1761058006985,00045,111,5,139,139,1,82,0,807,624,170,304,333,115,183,416344,1,169,222,221,194,0,0,0,0,190,470,147,0,4669621,5,414,310,170,237,7,104,146130,59.993393,1,169,213,31,0,0,0,0,0,190,224,0,0,4567888,6012.165507,3870.000000
1761058007085,00009,111,5,139,139,1,82,0,818,591,247,359,212,115,227,337832,123,124,257,252,62,0,0,0,73,230,446,69,0,4697440,5,370,295,18,146,206,75,209245,53.093036,0,18,82,208,62,0,0,0,0,0,301,69,0,87695,10735.152865,19070.000000
1761058007085,00016,111,5,139,139,1,82,0,818,591,247,359,212,115,227,337832,123,124,257,252,62,0,0,0,73,230,446,69,0,4697440,5,0,0,0,0,0,0,0,0.000000,0,0,0,0,0,0,0,0,0,0,0,0,0,0,276.905426,0.000000
1761058007085,00032,111,5,139,139,1,82,0,818,591,247,359,212,115,227,337832,123,124,257,252,62,0,0,0,73,230,446,69,0,4697440,5,2,2,2,0,0,0,66,0.198571,2,0,0,0,0,0,0,0,1,1,0,0,0,0,299.051518,0.000000
1761058007085,00054,111,5,139,139,1,82,0,818,591,247,359,212,115,227,337832,123,124,257,252,62,0,0,0,73,230,446,69,0,4697440,5,0,0,0,0,0,0,0,0.000000,0,0,0,0,0,0,0,0,0,0,0,0,0,0,573.898702,0.000000
1761058007085,00045,111,5,139,139,1,82,0,818,591,247,359,212,115,227,337832,123,124,257,252,62,0,0,0,73,230,446,69,0,4697440,5,446,294,227,213,6,152,128521,62.823036,121,106,175,44,0,0,0,0,72,229,145,0,0,4609745,5916.280905,8270.000000
1761058007185,00009,111,5,139,139,1,61,0,916,652,391,130,395,85,264,300051,234,157,101,83,324,17,0,0,268,195,85,276,92,4730206,6,429,345,0,34,395,84,238123,40.632679,0,0,16,72,324,17,0,0,0,0,61,276,92,24537,10585.213000,15720.000000
1761058007185,00016,111,5,139,139,1,61,0,916,652,391,130,395,85,264,300051,234,157,101,83,324,17,0,0,268,195,85,276,92,4730206,6,0,0,0,0,0,0,0,0.000000,0,0,0,0,0,0,0,0,0,0,0,0,0,0,276.905426,0.000000
1761058007185,00032,111,5,139,139,1,61,0,916,652,391,130,395,85,264,300051,234,157,101,83,324,17,0,0,268,195,85,276,92,4730206,6,0,0,0,0,0,0,0,0.000000,0,0,0,0,0,0,0,0,0,0,0,0,0,0,299.051518,0.000000
1761058007185,00054,111,5,139,139,1,61,0,916,652,391,130,395,85,264,300051,234,157,101,83,324,17,0,0,268,195,85,276,92,4730206,6,0,0,0,0,0,0,0,0.000000,0,0,0,0,0,0,0,0,0,0,0,0,0,0,573.898702,0.000000
1761058007185,00045,111,5,139,139,1,61,0,916,652,391,130,395,85,264,300051,234,157,101,83,324,17,0,0,268,195,85,276,92,4730206,6,470,297,381,89,0,173,60848,45.125357,230,151,78,11,0,0,0,0,258,188,24,0,0,4705109,5812.417393,2410.000000
1761058007185,00038,111,5,139,139,1,61,0,916,652,391,130,395,85,264,300051,234,157,101,83,324,17,0,0,268,195,85,276,92,4730206,6,17,10,10,7,0,7,1080,0.012199,4,6,7,0,0,0,0,0,10,7,0,0,0,560,642.890608,60.000000
1761058007285,00009,111,5,139,139,1,60,0,1087,745,382,430,275,84,342,269541,155,227,246,276,183,0,0,10,193,396,305,183,0,11451764,8,453,318,0,178,275,135,177634,40.781607,0,0,15,255,183,0,0,0,0,0,270,183,0,43764,10400.076756,9740.000000
1761058007285,00016,111,5,139,139,1,60,0,1087,745,382,430,275,84,342,269541,155,227,246,276,183,0,0,10,193,396,305,183,0,11451764,8,0,0,0,0,0,0,0,0.000000,0,0,0,0,0,0,0,0,0,0,0,0,0,0,276.905426,0.000000
1761058007285,00032,111,5,139,139,1,60,0,1087,745,382,430,275,84,342,269541,155,227,246,276,183,0,0,10,193,396,305,183,0,11451764,8,0,0,0,0,0,0,0,0.000000,0,0,0,0,0,0,0,0,0,0,0,0,0,0,299.051518,0.000000
1761058007285,00054,111,5,139,139,1,60,0,1087,745,382,430,275,84,342,269541,155,227,246,276,183,0,0,10,193,396,305,183,0,11451764,8,0,0,0,0,0,0,0,0.000000,0,0,0,0,0,0,0,0,0,0,0,0,0,0,573.898702,0.000000
1761058007285,00045,111,5,139,139,1,60,0,1087,745,382,430,275,84,342,269541,155,227,246,276,183,0,0,10,193,396,305,183,0,11451764,8,451,308,209,242,0,143,81208,40.731964,59,150,221,21,0,0,0,0,82,334,35,0,0,4828249,5863.500088,3560.000000
1761058007285,00038,111,5,139,139,1,60,0,1087,745,382,430,275,84,342,269541,155,227,246,276,183,0,0,10,193,396,305,183,0,11451764,8,87,56,78,9,0,31,6114,4.865000,28,50,9,0,0,0,0,0,50,37,0,0,0,0,645.702586,310.000000
1761058007285,00046,111,5,139,139,1,60,0,1087,745,382,430,275,84,342,269541,155,227,246,276,183,0,0,10,193,396,305,183,0,11451764,8,31,23,31,0,0,8,1187,0.030196,26,5,0,0,0,0,0,6,16,9,0,0,0,0,431.221129,90.000000
1761058007285,00001,111,5,139,139,1,60,0,1087,745,382,430,275,84,342,269541,155,227,246,276,183,0,0,10,193,396,305,183,0,11451764,8,65,40,64,1,0,25,3398,0.064114,42,22,1,0,0,0,0,4,45,16,0,0,0,6579751,4374.234735,3030.000000
1761058007385,00009,111,5,139,139,1,49,0,1132,778,240,480,412,69,354,261099,113,127,382,159,351,0,0,25,141,265,402,298,1,11732908,7,473,327,0,61,412,146,165541,32.019643,0,0,49,73,351,0,0,0,0,0,174,298,1,66362,10206.152914,3980.000000
1761058007385,00016,111,5,139,139,1,49,0,1132,778,240,480,412,69,354,261099,113,127,382,159,351,0,0,25,141,265,402,298,1,11732908,7,0,0,0,0,0,0,0,0.000000,0,0,0,0,0,0,0,0,0,0,0,0,0,0,276.905426,0.000000
1761058007385,00054,111,5,139,139,1,49,0,1132,778,240,480,412,69,354,261099,113,127,382,159,351,0,0,25,141,265,402,298,1,11732908,7,0,0,0,0,0,0,0,0.000000,0,0,0,0,0,0,0,0,0,0,0,0,0,0,573.898702,0.000000
1761058007385,00045,111,5,139,139,1,49,0,1132,778,240,480,412,69,354,261099,113,127,382,159,351,0,0,25,141,265,402,298,1,11732908,7,465,333,92,373,0,132,84457,31.225357,23,69,291,82,0,0,0,0,38,212,215,0,0,4957939,5921.311818,2620.000000
1761058007385,00038,111,5,139,139,1,49,0,1132,778,240,480,412,69,354,261099,113,127,382,159,351,0,0,25,141,265,402,298,1,11732908,7,44,31,25,19,0,13,2825,1.762321,20,5,15,4,0,0,0,0,24,10,10,0,0,0,640.995583,120.000000
1761058007385,00046,111,5,139,139,1,49,0,1132,778,240,480,412,69,354,261099,113,127,382,159,351,0,0,25,141,265,402,298,1,11732908,7,42,28,42,0,0,14,1701,1.836786,19,23,0,0,0,0,0,0,28,14,0,0,0,162,422.470105,60.000000
1761058007385,00001,111,5,139,139,1,49,0,1132,778,240,480,412,69,354,261099,113,127,382,159,351,0,0,25,141,265,402,298,1,11732908,7,108,59,81,27,0,49,6575,4.964286,51,30,27,0,0,0,0,25,51,29,3,0,0,6708445,4374.396198,2300.000000
1761058007485,00009,111,5,139,139,1,64,0,1196,793,420,525,251,89,403,254626,182,238,328,328,120,0,0,13,237,333,508,105,0,12010580,7,469,321,0,228,241,148,153008,37.256964,0,0,86,263,120,0,0,0,0,0,364,105,0,104249,10010.771393,12890.000000
1761058007485,00016,111,5,139,139,1,64,0,1196,793,420,525,251,89,403,254626,182,238,328,328,120,0,0,13,237,333,508,105,0,12010580,7,0,0,0,0,0,0,0,0.000000,0,0,0,0,0,0,0,0,0,0,0,0,0,0,276.905426,0.000000
1761058007485,00054,111,5,139,139,1,64,0,1196,793,420,525,251,89,403,254626,182,238,328,328,120,0,0,13,237,333,508,105,0,12010580,7,0,0,0,0,0,0,0,0.000000,0,0,0,0,0,0,0,0,0,0,0,0,0,0,573.898702,0.000000
1761058007485,00045,111,5,139,139,1,64,0,1196,793,420,525,251,89,403,254626,182,238,328,328,120,0,0,13,237,333,508,105,0,12010580,7,448,303,196,246,6,145,80548,35.122321,20,176,192,60,0,0,0,1,57,276,114,0,0,5086319,5973.985681,4710.000000
1761058007485,00038,111,5,139,139,1,64,0,1196,793,420,525,251,89,403,254626,182,238,328,328,120,0,0,13,237,333,508,105,0,12010580,7,14,11,3,7,4,3,1050,0.397143,3,0,6,5,0,0,0,0,3,1,10,0,0,0,639.205624,60.000000
1761058007485,00046,111,5,139,139,1,64,0,1196,793,420,525,251,89,403,254626,182,238,328,328,120,0,0,13,237,333,508,105,0,12010580,7,22,14,22,0,0,8,709,1.340357,18,4,0,0,0,0,0,12,7,3,0,0,0,216,420.567269,20.000000
1761058007485,00001,111,5,139,139,1,64,0,1196,793,420,525,251,89,403,254626,182,238,328,328,120,0,0,13,237,333,508,105,0,12010580,7,243,144,199,44,0,99,19311,16.332500,141,58,44,0,0,0,0,0,170,53,20,0,0,6819796,4332.441201,3770.000000
1761058007585,00009,111,5,139,139,1,61,0,1527,964,796,471,260,85,563,193614,437,359,329,372,30,0,0,42,455,564,424,42,0,12301872,7,486,319,79,169,238,167,99070,28.420536,0,79,94,283,30,0,0,0,0,147,297,42,0,182156,9814.900997,4820.000000
1761058007585,00016,111,5,139,139,1,61,0,1527,964,796,471,260,85,563,193614,437,359,329,372,30,0,0,42,455,564,424,42,0,12301872,7,0,0,0,0,0,0,0,0.000000,0,0,0,0,0,0,0,0,0,0,0,0,0,0,276.905426,0.000000
1761058007585,00054,111,5,139,139,1,61,0,1527,964,796,471,260,85,563,193614,437,359,329,372,30,0,0,42,455,564,424,42,0,12301872,7,0,0,0,0,0,0,0,0.000000,0,0,0,0,0,0,0,0,0,0,0,0,0,0,573.898702,0.000000
1761058007585,00045,111,5,139,139,1,61,0,1527,964,796,471,260,85,563,193614,437,359,329,372,30,0,0,42,455,564,424,42,0,12301872,7,479,300,275,188,16,179,52788,26.608571,103,172,159,45,0,0,0,22,76,284,97,0,0,5184927,5903.222050,3660.000000
1761058007585,00038,111,5,139,139,1,61,0,1527,964,796,471,260,85,563,193614,437,359,329,372,30,0,0,42,455,564,424,42,0,12301872,7,30,20,21,9,0,10,1891,1.141786,8,13,6,3,0,0,0,0,0,26,4,0,0,0,633.058949,60.000000
1761058007585,00046,111,5,139,139,1,61,0,1527,964,796,471,260,85,563,193614,437,359,329,372,30,0,0,42,455,564,424,42,0,12301872,7,32,17,32,0,0,15,949,1.514107,32,0,0,0,0,0,0,20,11,1,0,0,0,0,415.193286,30.000000
1761058007585,00001,111,5,139,139,1,61,0,1527,964,796,471,260,85,563,193614,437,359,329,372,30,0,0,42,455,564,424,42,0,12301872,7,500,308,389,105,6,192,38916,29.661607,294,95,70,41,0,0,0,0,368,106,26,0,0,6934789,4218.850295,3240.000000
1761058007685,00009,111,5,139,139,1,50,0,1082,718,532,397,153,70,364,172448,130,402,315,187,48,0,32,1,111,539,329,70,0,12692337,7,469,328,106,210,153,141,104252,32.094107,0,106,138,177,48,0,0,0,0,149,250,70,0,297591,9809.327634,11210.000000
1761058007685,00016,111,5,139,139,1,50,0,1082,718,532,397,153,70,364,172448,130,402,315,187,48,0,32,1,111,539,329,70,0,12692337,7,0,0,0,0,0,0,0,0.000000,0,0,0,0,0,0,0,0,0,0,0,0,0,0,276.905426,0.000000
1761058007685,00054,111,5,139,139,1,50,0,1082,718,532,397,153,70,364,172448,130,402,315,187,48,0,32,1,111,539,329,70,0,12692337,7,0,0,0,0,0,0,0,0.000000,0,0,0,0,0,0,0,0,0,0,0,0,0,0,573.898702,0.000000
1761058007685,00045,111,5,139,139,1,50,0,1082,718,532,397,153,70,364,172448,130,402,315,187,48,0,32,1,111,539,329,70,0,12692337,7,481,317,318,163,0,164,61313,33.136607,56,262,153,10,0,0,0,0,67,338,76,0,0,5326643,5931.806690,2300.000000
1761058007685,00038,111,5,139,139,1,50,0,1082,718,532,397,153,70,364,172448,130,402,315,187,48,0,32,1,111,539,329,70,0,12692337,7,40,28,23,17,0,12,2548,1.514107,14,9,17,0,0,0,0,0,5,34,1,0,0,0,630.126778,130.000000
1761058007685,00046,111,5,139,139,1,50,0,1082,718,532,397,153,70,364,172448,130,402,315,187,48,0,32,1,111,539,329,70,0,12692337,7,45,29,45,0,0,16,1873,2.010536,26,19,0,0,0,0,0,0,29,16,0,0,0,0,405.316107,60.000000
1761058007685,00001,111,5,139,139,1,50,0,1082,718,532,397,153,70,364,172448,130,402,315,187,48,0,32,1,111,539,329,70,0,12692337,7,47,16,40,7,0,31,2462,2.705536,34,6,7,0,0,0,32,1,10,2,2,0,0,7068103,4246.117618,2930.000000
1761058007785,00009,111,5,139,139,1,51,0,1029,647,478,480,71,72,382,167989,240,238,293,254,4,0,0,60,217,496,256,0,0,13031160,7,469,323,125,292,52,146,110210,39.763929,0,125,128,216,0,0,0,0,0,275,194,0,0,351488,9626.867433,5650.000000
1761058007785,00016,111,5,139,139,1,51,0,1029,647,478,480,71,72,382,167989,240,238,293,254,4,0,0,60,217,496,256,0,0,13031160,7,0,0,0,0,0,0,0,0.000000,0,0,0,0,0,0,0,0,0,0,0,0,0,0,276.905426,0.000000
1761058007785,00054,111,5,139,139,1,51,0,1029,647,478,480,71,72,382,167989,240,238,293,254,4,0,0,60,217,496,256,0,0,13031160,7,0,0,0,0,0,0,0,0.000000,0,0,0,0,0,0,0,0,0,0,0,0,0,0,573.898702,0.000000
1761058007785,00045,111,5,139,139,1,51,0,1029,647,478,480,71,72,382,167989,240,238,293,254,4,0,0,60,217,496,256,0,0,13031160,7,420,245,265,155,0,175,48622,29.338929,180,85,137,18,0,0,0,22,186,178,34,0,0,5466813,5967.172072,5860.000000
1761058007785,00038,111,5,139,139,1,51,0,1029,647,478,480,71,72,382,167989,240,238,293,254,4,0,0,60,217,496,256,0,0,13031160,7,51,35,12,20,19,16,4788,1.737500,5,7,15,20,4,0,0,0,0,26,25,0,0,0,626.774523,160.000000
1761058007785,00046,111,5,139,139,1,51,0,1029,647,478,480,71,72,382,167989,240,238,293,254,4,0,0,60,217,496,256,0,0,13031160,7,37,19,37,0,0,18,1513,1.663036,23,14,0,0,0,0,0,16,9,12,0,0,0,0,403.940889,20.000000
1761058007785,00001,111,5,139,139,1,51,0,1029,647,478,480,71,72,382,167989,240,238,293,254,4,0,0,60,217,496,256,0,0,13031160,7,52,25,39,13,0,27,2856,2.854464,32,7,13,0,0,0,0,22,22,5,3,0,0,7212859,4262.501376,2410.000000
1761058007885,00009,111,5,139,139,1,61,0,630,447,433,180,17,86,183,172555,128,305,152,28,1,16,9,72,76,373,82,3,15,13296861,7,423,340,267,156,0,83,149416,69.500000,6,261,128,28,0,0,0,0,0,344,79,0,0,371433,9479.845866,7650.000000
1761058007885,00016,111,5,139,139,1,61,0,630,447,433,180,17,86,183,172555,128,305,152,28,1,16,9,72,76,373,82,3,15,13296861,7,0,0,0,0,0,0,0,0.000000,0,0,0,0,0,0,0,0,0,0,0,0,0,0,276.905426,0.000000
1761058007885,00054,111,5,139,139,1,61,0,630,447,433,180,17,86,183,172555,128,305,152,28,1,16,9,72,76,373,82,3,15,13296861,7,0,0,0,0,0,0,0,0.000000,0,0,0,0,0,0,0,0,0,0,0,0,0,0,573.898702,0.000000
1761058007885,00045,111,5,139,139,1,61,0,630,447,433,180,17,86,183,172555,128,305,152,28,1,16,9,72,76,373,82,3,15,13296861,7,73,39,68,5,0,34,7181,7.396786,45,23,5,0,0,0,9,13,36,14,1,0,0,5588643,5987.160920,2300.000000
1761058007885,00038,111,5,139,139,1,61,0,630,447,433,180,17,86,183,172555,128,305,152,28,1,16,9,72,76,373,82,3,15,13296861,7,21,17,2,2,17,4,3852,0.620536,2,0,2,0,1,16,0,0,0,3,0,3,15,0,628.780601,130.000000
1761058007885,00046,111,5,139,139,1,61,0,630,447,433,180,17,86,183,172555,128,305,152,28,1,16,9,72,76,373,82,3,15,13296861,7,20,11,20,0,0,9,924,1.116964,16,4,0,0,0,0,0,4,13,3,0,0,0,0,403.197703,70.000000
1761058007885,00001,111,5,139,139,1,61,0,630,447,433,180,17,86,183,172555,128,305,152,28,1,16,9,72,76,373,82,3,15,13296861,7,93,40,76,17,0,53,11182,9.903750,59,17,17,0,0,0,0,55,27,9,2,0,0,7336785,4279.053979,3030.000000
1761058007985,00009,111,5,139,139,1,57,0,412,353,72,23,317,80,59,572285,43,29,17,6,0,317,0,33,29,27,7,51,265,7470988,6,334,307,9,12,313,27,561460,72.428929,0,9,7,5,0,313,0,0,0,12,6,51,265,339,9637.899300,9430.000000
1761058007985,00016,111,5,139,139,1,57,0,412,353,72,23,317,80,59,572285,43,29,17,6,0,317,0,33,29,27,7,51,265,7470988,6,0,0,0,0,0,0,0,0.000000,0,0,0,0,0,0,0,0,0,0,0,0,0,0,276.905426,0.000000
1761058007985,00054,111,5,139,139,1,57,0,412,353,72,23,317,80,59,572285,43,29,17,6,0,317,0,33,29,27,7,51,265,7470988,6,0,0,0,0,0,0,0,0.000000,0,0,0,0,0,0,0,0,0,0,0,0,0,0,573.898702,0.000000
1761058007985,00038,111,5,139,139,1,57,0,412,353,72,23,317,80,59,572285,43,29,17,6,0,317,0,33,29,27,7,51,265,7470988,6,9,6,5,0,4,3,1001,0.570893,5,0,0,0,0,4,0,4,5,0,0,0,0,0,629.240790,10.000000
1761058007985,00046,111,5,139,139,1,57,0,412,353,72,23,317,80,59,572285,43,29,17,6,0,317,0,33,29,27,7,51,265,7470988,6,7,5,7,0,0,2,424,0.546071,2,5,0,0,0,0,0,4,0,3,0,0,0,0,403.952830,10.000000
1761058007985,00001,111,5,139,139,1,57,0,412,353,72,23,317,80,59,572285,43,29,17,6,0,317,0,33,29,27,7,51,265,7470988,6,62,35,51,11,0,27,9400,8.315179,36,15,10,1,0,0,0,25,24,12,1,0,0,7470649,4291.239884,2200.000000
1761058008085,00009,111,5,139,139,1,23,0,252,211,53,0,199,32,41,177160,47,6,0,0,173,26,3,30,17,3,0,2,197,7594706,6,199,181,0,0,199,18,172942,25.839107,0,0,0,0,173,26,0,0,0,0,0,2,197,0,9649.030336,54810.000000
1761058008085,00016,111,5,139,139,1,23,0,252,211,53,0,199,32,41,177160,47,6,0,0,173,26,3,30,17,3,0,2,197,7594706,6,0,0,0,0,0,0,0,0.000000,0,0,0,0,0,0,0,0,0,0,0,0,0,0,276.905426,0.000000
1761058008085,00054,111,5,139,139,1,23,0,252,211,53,0,199,32,41,177160,47,6,0,0,173,26,3,30,17,3,0,2,197,7594706,6,0,0,0,0,0,0,0,0.000000,0,0,0,0,0,0,0,0,0,0,0,0,0,0,573.898702,0.000000
1761058008085,00038,111,5,139,139,1,23,0,252,211,53,0,199,32,41,177160,47,6,0,0,173,26,3,30,17,3,0,2,197,7594706,6,0,0,0,0,0,0,0,0.000000,0,0,0,0,0,0,0,0,0,0,0,0,0,0,629.240790,0.000000
1761058008085,00046,111,5,139,139,1,23,0,252,211,53,0,199,32,41,177160,47,6,0,0,173,26,3,30,17,3,0,2,197,7594706,6,20,13,20,0,0,7,1300,2.457321,17,3,0,0,0,0,3,5,10,2,0,0,0,270,410.566959,130.000000
1761058008085,00001,111,5,139,139,1,23,0,252,211,53,0,199,32,41,177160,47,6,0,0,173,26,3,30,17,3,0,2,197,7594706,6,33,17,33,0,0,16,2918,5.733750,30,3,0,0,0,0,0,25,7,1,0,0,0,7594436,4319.245954,3030.000000
1761058008185,00009,111,5,139,139,1,30,0,323,246,96,12,215,42,77,189840,78,18,7,13,144,63,0,17,68,26,5,18,189,7710211,7,207,165,0,0,207,42,165124,24.498750,0,0,0,0,144,63,0,0,0,0,0,18,189,1214,9633.720040,12470.000000
1761058008185,00016,111,5,139,139,1,30,0,323,246,96,12,215,42,77,189840,78,18,7,13,144,63,0,17,68,26,5,18,189,7710211,7,0,0,0,0,0,0,0,0.000000,0,0,0,0,0,0,0,0,0,0,0,0,0,0,276.905426,0.000000
1761058008185,00054,111,5,139,139,1,30,0,323,246,96,12,215,42,77,189840,78,18,7,13,144,63,0,17,68,26,5,18,189,7710211,7,0,0,0,0,0,0,0,0.000000,0,0,0,0,0,0,0,0,0,0,0,0,0,0,573.898702,0.000000
1761058008185,00038,111,5,139,139,1,30,0,323,246,96,12,215,42,77,189840,78,18,7,13,144,63,0,17,68,26,5,18,189,7710211,7,0,0,0,0,0,0,0,0.000000,0,0,0,0,0,0,0,0,0,0,0,0,0,0,627.906515,0.000000
1761058008185,00046,111,5,139,139,1,30,0,323,246,96,12,215,42,77,189840,78,18,7,13,144,63,0,17,68,26,5,18,189,7710211,7,33,25,33,0,0,8,2190,3.201964,26,7,0,0,0,0,0,4,20,9,0,0,0,0,418.302530,150.000000
1761058008185,00001,111,5,139,139,1,30,0,323,246,96,12,215,42,77,189840,78,18,7,13,144,63,0,17,68,26,5,18,189,7710211,7,83,56,63,12,8,27,22526,15.339643,52,11,7,13,0,0,0,13,48,17,5,0,0,7708997,4329.809536,2300.000000
1761058008185,00058,111,5,139,139,1,30,0,323,246,96,12,215,42,77,189840,78,18,7,13,144,63,0,17,68,26,5,18,189,7710211,7,0,0,0,0,0,0,0,0.000000,0,0,0,0,0,0,0,0,0,0,0,0,0,0,554.358344,0.000000
1761058008285,00009,111,5,139,139,1,74,0,756,511,347,122,287,104,245,303047,198,149,77,88,193,51,0,2,192,226,31,215,90,7756409,8,304,213,0,46,258,91,187446,32.118929,0,0,13,53,187,51,0,0,0,0,0,214,90,0,9565.991033,10160.000000
1761058008285,00016,111,5,139,139,1,74,0,756,511,347,122,287,104,245,303047,198,149,77,88,193,51,0,2,192,226,31,215,90,7756409,8,4,4,4,0,0,0,115,0.347500,4,0,0,0,0,0,0,0,0,0,3,1,0,0,277.573581,0.000000
1761058008285,00054,111,5,139,139,1,74,0,756,511,347,122,287,104,245,303047,198,149,77,88,193,51,0,2,192,226,31,215,90,7756409,8,0,0,0,0,0,0,0,0.000000,0,0,0,0,0,0,0,0,0,0,0,0,0,0,573.898702,0.000000
1761058008285,00038,111,5,139,139,1,74,0,756,511,347,122,287,104,245,303047,198,149,77,88,193,51,0,2,192,226,31,215,90,7756409,8,0,0,0,0,0,0,0,0.000000,0,0,0,0,0,0,0,0,0,0,0,0,0,0,627.906515,0.000000
1761058008285,00046,111,5,139,139,1,74,0,756,511,347,122,287,104,245,303047,198,149,77,88,193,51,0,2,192,226,31,215,90,7756409,8,8,6,8,0,0,2,359,0.322679,4,4,0,0,0,0,0,2,2,4,0,0,0,0,419.298040,60.000000
1761058008285,00001,111,5,139,139,1,74,0,756,511,347,122,287,104,245,303047,198,149,77,88,193,51,0,2,192,226,31,215,90,7756409,8,440,288,335,76,29,152,115127,72.428929,190,145,64,35,6,0,0,0,190,222,28,0,0,7756409,4269.856973,3450.000000
1761058008285,00058,111,5,139,139,1,74,0,756,511,347,122,287,104,245,303047,198,149,77,88,193,51,0,2,192,226,31,215,90,7756409,8,0,0,0,0,0,0,0,0.000000,0,0,0,0,0,0,0,0,0,0,0,0,0,0,554.358344,0.000000
1761058008285,00034,111,5,139,139,1,74,0,756,511,347,122,287,104,245,303047,198,149,77,88,193,51,0,2,192,226,31,215,90,7756409,8,0,0,0,0,0,0,0,0.000000,0,0,0,0,0,0,0,0,0,0,0,0,0,0,545.463398,0.000000
1761058008385,00009,111,5,139,139,1,29,0,319,233,70,4,245,41,86,184679,58,12,4,0,235,10,0,26,35,10,5,235,8,7888563,7,242,185,0,0,242,57,175935,30.480714,0,0,0,0,232,10,0,0,0,0,0,234,8,553,9544.454931,14670.000000
1761058008385,00016,111,5,139,139,1,29,0,319,233,70,4,245,41,86,184679,58,12,4,0,235,10,0,26,35,10,5,235,8,7888563,7,6,4,1,2,3,2,601,0.198571,1,0,2,0,3,0,0,0,0,0,5,1,0,0,274.283477,10.000000
1761058008385,00054,111,5,139,139,1,29,0,319,233,70,4,245,41,86,184679,58,12,4,0,235,10,0,26,35,10,5,235,8,7888563,7,0,0,0,0,0,0,0,0.000000,0,0,0,0,0,0,0,0,0,0,0,0,0,0,573.898702,0.000000
1761058008385,00038,111,5,139,139,1,29,0,319,233,70,4,245,41,86,184679,58,12,4,0,235,10,0,26,35,10,5,235,8,7888563,7,0,0,0,0,0,0,0,0.000000,0,0,0,0,0,0,0,0,0,0,0,0,0,0,627.906515,0.000000
1761058008385,00046,111,5,139,139,1,29,0,319,233,70,4,245,41,86,184679,58,12,4,0,235,10,0,26,35,10,5,235,8,7888563,7,28,20,28,0,0,8,1294,2.010536,24,4,0,0,0,0,0,0,23,5,0,0,0,1080,419.646226,80.000000
1761058008385,00001,111,5,139,139,1,29,0,319,233,70,4,245,41,86,184679,58,12,4,0,235,10,0,26,35,10,5,235,8,7888563,7,43,24,41,2,0,19,6849,9.109464,33,8,2,0,0,0,0,26,12,5,0,0,0,7886930,4283.076825,2410.000000
1761058008385,00058,111,5,139,139,1,29,0,319,233,70,4,245,41,86,184679,58,12,4,0,235,10,0,26,35,10,5,235,8,7888563,7,0,0,0,0,0,0,0,0.000000,0,0,0,0,0,0,0,0,0,0,0,0,0,0,554.358344,0.000000
1761058008485,00009,111,5,139,139,1,29,0,307,221,118,20,169,41,86,188536,99,19,20,1,19,149,0,49,68,17,2,21,150,8014321,7,160,140,0,0,160,20,169312,20.701071,0,0,0,0,14,146,0,0,0,0,0,13,147,0,9555.709953,12890.000000
1761058008485,00016,111,5,139,139,1,29,0,307,221,118,20,169,41,86,188536,99,19,20,1,19,149,0,49,68,17,2,21,150,8014321,7,11,7,2,0,9,4,1392,0.297857,2,0,0,1,5,3,0,0,0,0,0,8,3,0,282.217339,0.000000
1761058008485,00054,111,5,139,139,1,29,0,307,221,118,20,169,41,86,188536,99,19,20,1,19,149,0,49,68,17,2,21,150,8014321,7,0,0,0,0,0,0,0,0.000000,0,0,0,0,0,0,0,0,0,0,0,0,0,0,573.898702,0.000000
1761058008485,00038,111,5,139,139,1,29,0,307,221,118,20,169,41,86,188536,99,19,20,1,19,149,0,49,68,17,2,21,150,8014321,7,0,0,0,0,0,0,0,0.000000,0,0,0,0,0,0,0,0,0,0,0,0,0,0,627.906515,0.000000
1761058008485,00046,111,5,139,139,1,29,0,307,221,118,20,169,41,86,188536,99,19,20,1,19,149,0,49,68,17,2,21,150,8014321,7,56,26,39,17,0,30,8496,7.322321,28,11,17,0,0,0,0,32,11,11,2,0,0,162,449.801031,120.000000
1761058008485,00001,111,5,139,139,1,29,0,307,221,118,20,169,41,86,188536,99,19,20,1,19,149,0,49,68,17,2,21,150,8014321,7,80,48,77,3,0,32,9336,14.892857,69,8,3,0,0,0,0,17,57,6,0,0,0,8014159,4290.112773,2300.000000
1761058008485,00058,111,5,139,139,1,29,0,307,221,118,20,169,41,86,188536,99,19,20,1,19,149,0,49,68,17,2,21,150,8014321,7,0,0,0,0,0,0,0,0.000000,0,0,0,0,0,0,0,0,0,0,0,0,0,0,554.358344,0.000000
1761058008585,00009,111,5,139,139,1,21,0,217,163,68,3,146,30,54,156532,45,23,0,7,52,90,1,29,17,23,5,7,135,8148602,8,135,120,0,0,135,15,144877,19.162143,0,0,0,0,45,90,0,0,0,0,0,0,135,0,9576.362077,12890.000000
1761058008585,00016,111,5,139,139,1,21,0,217,163,68,3,146,30,54,156532,45,23,0,7,52,90,1,29,17,23,5,7,135,8148602,8,8,4,1,0,7,4,1044,0.223393,1,0,0,0,7,0,0,0,0,0,1,7,0,0,277.614416,10.000000
1761058008585,00054,111,5,139,139,1,21,0,217,163,68,3,146,30,54,156532,45,23,0,7,52,90,1,29,17,23,5,7,135,8148602,8,0,0,0,0,0,0,0,0.000000,0,0,0,0,0,0,0,0,0,0,0,0,0,0,573.898702,0.000000
1761058008585,00038,111,5,139,139,1,21,0,217,163,68,3,146,30,54,156532,45,23,0,7,52,90,1,29,17,23,5,7,135,8148602,8,0,0,0,0,0,0,0,0.000000,0,0,0,0,0,0,0,0,0,0,0,0,0,0,627.906515,0.000000
1761058008585,00046,111,5,139,139,1,21,0,217,163,68,3,146,30,54,156532,45,23,0,7,52,90,1,29,17,23,5,7,135,8148602,8,18,13,18,0,0,5,4896,3.301250,3,15,0,0,0,0,0,0,0,17,1,0,0,0,469.512124,120.000000
1761058008585,00001,111,5,139,139,1,21,0,217,163,68,3,146,30,54,156532,45,23,0,7,52,90,1,29,17,23,5,7,135,8148602,8,39,16,39,0,0,23,4689,8.389643,31,8,0,0,0,0,1,29,5,4,0,0,0,8148602,4317.067364,3030.000000
1761058008585,00058,111,5,139,139,1,21,0,217,163,68,3,146,30,54,156532,45,23,0,7,52,90,1,29,17,23,5,7,135,8148602,8,17,10,10,3,4,7,1026,0.645357,10,0,0,7,0,0,0,0,12,2,3,0,0,0,545.764974,30.000000
1761058008585,00040,111,5,139,139,1,21,0,217,163,68,3,146,30,54,156532,45,23,0,7,52,90,1,29,17,23,5,7,135,8148602,8,0,0,0,0,0,0,0,0.000000,0,0,0,0,0,0,0,0,0,0,0,0,0,0,221.663805,0.000000
1761058008685,00009,111,5,139,139,1,24,0,235,170,70,13,152,34,65,161345,63,7,10,4,99,52,0,29,22,19,13,12,140,8280603,7,151,117,0,0,151,34,152732,22.215179,0,0,0,0,99,52,0,0,0,0,0,12,139,0,9584.034506,11210.000000
1761058008685,00016,111,5,139,139,1,24,0,235,170,70,13,152,34,65,161345,63,7,10,4,99,52,0,29,22,19,13,12,140,8280603,7,5,3,2,3,0,2,324,0.148929,1,1,0,3,0,0,0,0,0,0,5,0,0,0,278.401708,0.000000
1761058008685,00038,111,5,139,139,1,24,0,235,170,70,13,152,34,65,161345,63,7,10,4,99,52,0,29,22,19,13,12,140,8280603,7,0,0,0,0,0,0,0,0.000000,0,0,0,0,0,0,0,0,0,0,0,0,0,0,627.906515,0.000000
1761058008685,00046,111,5,139,139,1,24,0,235,170,70,13,152,34,65,161345,63,7,10,4,99,52,0,29,22,19,13,12,140,8280603,7,1,1,1,0,0,0,80,0.223393,1,0,0,0,0,0,0,0,0,1,0,0,0,0,469.622344,0.000000
1761058008685,00001,111,5,139,139,1,24,0,235,170,70,13,152,34,65,161345,63,7,10,4,99,52,0,29,22,19,13,12,140,8280603,7,55,32,55,0,0,23,6337,11.219286,51,4,0,0,0,0,0,29,22,4,0,0,0,8280603,4340.367828,3030.000000
1761058008685,00058,111,5,139,139,1,24,0,235,170,70,13,152,34,65,161345,63,7,10,4,99,52,0,29,22,19,13,12,140,8280603,7,20,14,10,10,0,6,1739,1.265893,8,2,10,0,0,0,0,0,0,14,6,0,0,0,549.112832,90.000000
1761058008685,00040,111,5,139,139,1,24,0,235,170,70,13,152,34,65,161345,63,7,10,4,99,52,0,29,22,19,13,12,140,8280603,7,3,3,2,0,1,0,133,0.124107,2,0,0,1,0,0,0,0,0,0,2,0,1,0,220.296416,0.000000
1761058008785,00009,111,5,139,139,1,22,0,285,197,64,23,198,31,88,161228,57,7,13,12,177,19,29,3,29,15,13,107,89,8415021,9,189,150,0,0,189,39,153865,24.176071,0,0,0,0,170,19,0,0,0,0,0,100,89,0,9578.149675,10790.000000
1761058008785,00016,111,5,139,139,1,22,0,285,197,64,23,198,31,88,161228,57,7,13,12,177,19,29,3,29,15,13,107,89,8415021,9,7,5,2,1,4,2,575,0.223393,2,0,1,1,3,0,0,0,0,0,6,1,0,0,278.064658,0.000000
1761058008785,00038,111,5,139,139,1,22,0,285,197,64,23,198,31,88,161228,57,7,13,12,177,19,29,3,29,15,13,107,89,8415021,9,0,0,0,0,0,0,0,0.000000,0,0,0,0,0,0,0,0,0,0,0,0,0,0,627.906515,0.000000
1761058008785,00046,111,5,139,139,1,22,0,285,197,64,23,198,31,88,161228,57,7,13,12,177,19,29,3,29,15,13,107,89,8415021,9,20,12,20,0,0,8,1238,1.216250,13,7,0,0,0,0,0,0,11,9,0,0,0,0,470.209909,30.000000
1761058008785,00001,111,5,139,139,1,22,0,285,197,64,23,198,31,88,161228,57,7,13,12,177,19,29,3,29,15,13,107,89,8415021,9,32,9,32,0,0,23,1898,5.411071,32,0,0,0,0,0,29,3,0,0,0,0,0,8415021,4359.930491,2200.000000
1761058008785,00058,111,5,139,139,1,22,0,285,197,64,23,198,31,88,161228,57,7,13,12,177,19,29,3,29,15,13,107,89,8415021,9,31,17,9,22,0,14,2946,1.613393,9,0,12,10,0,0,0,0,18,6,7,0,0,0,545.666315,90.000000
1761058008785,00040,111,5,139,139,1,22,0,285,197,64,23,198,31,88,161228,57,7,13,12,177,19,29,3,29,15,13,107,89,8415021,9,6,4,1,0,5,2,706,0.173750,1,0,0,1,4,0,0,0,0,0,0,6,0,0,220.112286,10.000000
1761058008785,00032,111,5,139,139,1,22,0,285,197,64,23,198,31,88,161228,57,7,13,12,177,19,29,3,29,15,13,107,89,8415021,9,0,0,0,0,0,0,0,0.000000,0,0,0,0,0,0,0,0,0,0,0,0,0,0,299.051518,0.000000
1761058008785,00008,111,5,139,139,1,22,0,285,197,64,23,198,31,88,161228,57,7,13,12,177,19,29,3,29,15,13,107,89,8415021,9,0,0,0,0,0,0,0,0.000000,0,0,0,0,0,0,0,0,0,0,0,0,0,0,299.866911,0.000000
1761058008885,00009,111,5,139,139,1,24,0,433,290,102,14,317,34,143,195103,81,21,6,8,284,33,3,50,31,28,10,99,212,8527714,9,307,227,0,0,307,80,187328,28.643929,0,0,0,0,274,33,0,0,0,0,0,95,212,1432,9528.708557,13930.000000
1761058008885,00016,111,5,139,139,1,24,0,433,290,102,14,317,34,143,195103,81,21,6,8,284,33,3,50,31,28,10,99,212,8527714,9,5,3,1,4,0,2,335,0.148929,1,0,1,3,0,0,0,0,0,0,5,0,0,0,273.937083,10.000000
1761058008885,00038,111,5,139,139,1,24,0,433,290,102,14,317,34,143,195103,81,21,6,8,284,33,3,50,31,28,10,99,212,8527714,9,7,5,7,0,0,2,143,0.421964,7,0,0,0,0,0,0,3,4,0,0,0,0,0,625.417108,0.000000
1761058008885,00046,111,5,139,139,1,24,0,433,290,102,14,317,34,143,195103,81,21,6,8,284,33,3,50,31,28,10,99,212,8527714,9,19,13,16,3,0,6,1707,1.141786,5,11,3,0,0,0,0,0,8,11,0,0,0,0,469.271640,70.000000
1761058008885,00001,111,5,139,139,1,24,0,433,290,102,14,317,34,143,195103,81,21,6,8,284,33,3,50,31,28,10,99,212,8527714,9,56,19,56,0,0,37,2489,4.393393,50,6,0,0,0,0,3,46,3,4,0,0,0,8526120,4377.100018,2300.000000
1761058008885,00058,111,5,139,139,1,24,0,433,290,102,14,317,34,143,195103,81,21,6,8,284,33,3,50,31,28,10,99,212,8527714,9,23,14,16,7,0,9,1691,1.737500,12,4,2,5,0,0,0,1,14,3,5,0,0,162,541.756131,90.000000
1761058008885,00040,111,5,139,139,1,24,0,433,290,102,14,317,34,143,195103,81,21,6,8,284,33,3,50,31,28,10,99,212,8527714,9,16,9,6,0,10,7,1410,0.496429,6,0,0,0,10,0,0,0,2,10,0,4,0,0,221.847418,0.000000
1761058008885,00032,111,5,139,139,1,24,0,433,290,102,14,317,34,143,195103,81,21,6,8,284,33,3,50,31,28,10,99,212,8527714,9,0,0,0,0,0,0,0,0.000000,0,0,0,0,0,0,0,0,0,0,0,0,0,0,299.051518,0.000000
1761058008885,00008,111,5,139,139,1,24,0,433,290,102,14,317,34,143,195103,81,21,6,8,284,33,3,50,31,28,10,99,212,8527714,9,0,0,0,0,0,0,0,0.000000,0,0,0,0,0,0,0,0,0,0,0,0,0,0,299.866911,0.000000
1761058008985,00009,111,5,139,139,1,25,0,394,287,78,3,313,36,107,208199,52,26,2,8,246,60,36,14,6,21,24,73,220,0,8,285,233,0,0,285,52,199196,30.431071,0,0,0,0,238,47,0,0,0,0,0,65,220,0,9500.094463,13720.000000
1761058008985,00016,111,5,139,139,1,25,0,394,287,78,3,313,36,107,208199,52,26,2,8,246,60,36,14,6,21,24,73,220,0,8,11,6,5,1,5,5,780,0.297857,2,3,1,1,4,0,0,0,3,4,3,1,0,0,274.869184,0.000000
1761058008985,00038,111,5,139,139,1,25,0,394,287,78,3,313,36,107,208199,52,26,2,8,246,60,36,14,6,21,24,73,220,0,8,33,18,9,1,23,15,4264,1.464464,9,0,0,7,4,13,2,2,2,0,20,7,0,0,621.751844,80.000000
1761058008985,00046,111,5,139,139,1,25,0,394,287,78,3,313,36,107,208199,52,26,2,8,246,60,36,14,6,21,24,73,220,0,8,16,14,15,1,0,2,1439,0.893571,1,14,1,0,0,0,0,0,0,16,0,0,0,0,478.739558,130.000000
1761058008985,00058,111,5,139,139,1,25,0,394,287,78,3,313,36,107,208199,52,26,2,8,246,60,36,14,6,21,24,73,220,0,8,49,16,49,0,0,33,2520,5.833036,40,9,0,0,0,0,34,12,1,1,1,0,0,0,539.822860,10.000000
1761058008985,00040,111,5,139,139,1,25,0,394,287,78,3,313,36,107,208199,52,26,2,8,246,60,36,14,6,21,24,73,220,0,8,0,0,0,0,0,0,0,0.000000,0,0,0,0,0,0,0,0,0,0,0,0,0,0,221.847418,0.000000
1761058008985,00032,111,5,139,139,1,25,0,394,287,78,3,313,36,107,208199,52,26,2,8,246,60,36,14,6,21,24,73,220,0,8,0,0,0,0,0,0,0,0.000000,0,0,0,0,0,0,0,0,0,0,0,0,0,0,299.051518,0.000000
1761058008985,00008,111,5,139,139,1,25,0,394,287,78,3,313,36,107,208199,52,26,2,8,246,60,36,14,6,21,24,73,220,0,8,0,0,0,0,0,0,0,0.000000,0,0,0,0,0,0,0,0,0,0,0,0,0,0,299.866911,0.000000
1761058009085,00009,111,5,139,139,1,18,0,325,273,41,2,282,26,52,176245,26,15,1,5,197,81,0,16,17,11,5,61,215,0,7,274,242,0,0,274,32,172585,24.647679,0,0,0,0,197,77,0,0,0,0,0,59,215,0,9469.416225,14040.000000
1761058009085,00016,111,5,139,139,1,18,0,325,273,41,2,282,26,52,176245,26,15,1,5,197,81,0,16,17,11,5,61,215,0,7,9,7,3,2,4,2,663,0.322679,3,0,1,5,0,0,0,0,2,0,5,2,0,0,274.574107,10.000000
1761058009085,00038,111,5,139,139,1,18,0,325,273,41,2,282,26,52,176245,26,15,1,5,197,81,0,16,17,11,5,61,215,0,7,15,6,11,0,4,9,1234,1.439643,11,0,0,0,0,4,0,12,2,1,0,0,0,0,619.683037,40.000000
1761058009085,00046,111,5,139,139,1,18,0,325,273,41,2,282,26,52,176245,26,15,1,5,197,81,0,16,17,11,5,61,215,0,7,21,15,21,0,0,6,1381,1.092143,6,15,0,0,0,0,0,0,11,10,0,0,0,0,481.274195,90.000000
1761058009085,00040,111,5,139,139,1,18,0,325,273,41,2,282,26,52,176245,26,15,1,5,197,81,0,16,17,11,5,61,215,0,7,0,0,0,0,0,0,0,0.000000,0,0,0,0,0,0,0,0,0,0,0,0,0,0,221.847418,0.000000
1761058009085,00032,111,5,139,139,1,18,0,325,273,41,2,282,26,52,176245,26,15,1,5,197,81,0,16,17,11,5,61,215,0,7,6,3,6,0,0,3,382,0.471607,6,0,0,0,0,0,0,4,2,0,0,0,0,0,299.333478,0.000000
1761058009085,00036,111,5,139,139,1,18,0,325,273,41,2,282,26,52,176245,26,15,1,5,197,81,0,16,17,11,5,61,215,0,7,0,0,0,0,0,0,0,0.000000,0,0,0,0,0,0,0,0,0,0,0,0,0,0,330.602789,0.000000
