timestamp,ueImsiComplete,plmId,nrCellId,dlAvailablePrbs,ulAvailablePrbs,qci,dlPrbUsage,ulPrbUsage,TB.TotNbrDl.1,TB.TotNbrDlInitial,TB.TotNbrDlInitial.Qpsk,TB.TotNbrDlInitial.16Qam,TB.TotNbrDlInitial.64Qam,RRU.PrbUsedDl,TB.ErrTotalNbrDl.1,QosFlow.PdcpPduVolumeDL_Filter,CARR.PDSCHMCSDist.Bin1,CARR.PDSCHMCSDist.Bin2,CARR.PDSCHMCSDist.Bin3,CARR.PDSCHMCSDist.Bin4,CARR.PDSCHMCSDist.Bin5,CARR.PDSCHMCSDist.Bin6,L1M.RS-SINR.Bin34,L1M.RS-SINR.Bin46,L1M.RS-SINR.Bin58,L1M.RS-SINR.Bin70,L1M.RS-SINR.Bin82,L1M.RS-SINR.Bin94,L1M.RS-SINR.Bin127,DRB.BufferSize.Qos,DRB.MeanActiveUeDl,TB.TotNbrDl.1.UEID,TB.TotNbrDlInitial.UEID,TB.TotNbrDlInitial.Qpsk.UEID,TB.TotNbrDlInitial.16Qam.UEID,TB.TotNbrDlInitial.64Qam.UEID,TB.ErrTotalNbrDl.1.UEID,QosFlow.PdcpPduVolumeDL_Filter.UEID,RRU.PrbUsedDl.UEID,CARR.PDSCHMCSDist.Bin1.UEID,CARR.PDSCHMCSDist.Bin2.UEID,CARR.PDSCHMCSDist.Bin3.UEID,CARR.PDSCHMCSDist.Bin4.UEID,CARR.PDSCHMCSDist.Bin5.UEID,CARR.PDSCHMCSDist.Bin6.UEID,L1M.RS-SINR.Bin34.UEID,L1M.RS-SINR.Bin46.UEID,L1M.RS-SINR.Bin58.UEID,L1M.RS-SINR.Bin70.UEID,L1M.RS-SINR.Bin82.UEID,L1M.RS-SINR.Bin94.UEID,L1M.RS-SINR.Bin127.UEID,DRB.BufferSize.Qos.UEID,DRB.UEThpDl.UEID,DRB.UEThpDlPdcpBased.UEID
1761058001385,00002,111,4,139,139,1,0,0,0,0,0,0,0,0,0,0,0,0,0,0,0,0,0,0,0,0,0,0,0,0,6,0,0,0,0,0,0,0,0.000000,0,0,0,0,0,0,0,0,0,0,0,0,0,0,0.000000,0.000000
1761058001385,00007,111,4,139,139,1,0,0,0,0,0,0,0,0,0,0,0,0,0,0,0,0,0,0,0,0,0,0,0,0,6,0,0,0,0,0,0,0,0.000000,0,0,0,0,0,0,0,0,0,0,0,0,0,0,0.000000,0.000000
1761058001385,00008,111,4,139,139,1,0,0,0,0,0,0,0,0,0,0,0,0,0,0,0,0,0,0,0,0,0,0,0,0,6,0,0,0,0,0,0,0,0.000000,0,0,0,0,0,0,0,0,0,0,0,0,0,0,0.000000,0.000000
1761058001385,00032,111,4,139,139,1,0,0,0,0,0,0,0,0,0,0,0,0,0,0,0,0,0,0,0,0,0,0,0,0,6,0,0,0,0,0,0,0,0.000000,0,0,0,0,0,0,0,0,0,0,0,0,0,0,0.000000,0.000000
1761058001385,00034,111,4,139,139,1,0,0,0,0,0,0,0,0,0,0,0,0,0,0,0,0,0,0,0,0,0,0,0,0,6,0,0,0,0,0,0,0,0.000000,0,0,0,0,0,0,0,0,0,0,0,0,0,0,0.000000,0.000000
1761058001385,00063,111,4,139,139,1,0,0,0,0,0,0,0,0,0,0,0,0,0,0,0,0,0,0,0,0,0,0,0,0,6,0,0,0,0,0,0,0,0.000000,0,0,0,0,0,0,0,0,0,0,0,0,0,0,0.000000,0.000000
1761058001485,00002,111,4,139,139,1,0,0,38,24,24,7,7,0,14,2272,21,3,6,1,7,0,0,2,9,13,7,6,1,0,6,6,4,3,3,0,2,334,0.248214,3,0,3,0,0,0,0,0,0,5,1,0,0,0,789.224761,0.000000
1761058001485,00007,111,4,139,139,1,0,0,38,24,24,7,7,0,14,2272,21,3,6,1,7,0,0,2,9,13,7,6,1,0,6,10,4,10,0,0,6,260,0.595714,7,3,0,0,0,0,0,2,7,1,0,0,0,0,739.818821,0.000000
1761058001485,00008,111,4,139,139,1,0,0,38,24,24,7,7,0,14,2272,21,3,6,1,7,0,0,2,9,13,7,6,1,0,6,4,4,4,0,0,0,56,0.148929,4,0,0,0,0,0,0,0,1,3,0,0,0,0,181.333394,0.000000
1761058001485,00032,111,4,139,139,1,0,0,38,24,24,7,7,0,14,2272,21,3,6,1,7,0,0,2,9,13,7,6,1,0,6,5,3,1,1,3,2,614,0.148929,1,0,0,1,3,0,0,0,0,0,4,1,0,0,181.333394,0.000000
1761058001485,00034,111,4,139,139,1,0,0,38,24,24,7,7,0,14,2272,21,3,6,1,7,0,0,2,9,13,7,6,1,0,6,6,4,2,0,4,2,678,0.173750,2,0,0,0,4,0,0,0,0,0,0,5,1,0,181.333394,0.000000
1761058001485,00063,111,4,139,139,1,0,0,38,24,24,7,7,0,14,2272,21,3,6,1,7,0,0,2,9,13,7,6,1,0,6,7,5,4,3,0,2,330,0.347500,4,0,3,0,0,0,0,0,1,4,2,0,0,0,732.309805,0.000000
1761058001585,00002,111,4,139,139,1,0,0,0,0,0,0,0,0,0,0,0,0,0,0,0,0,0,0,0,0,0,0,0,0,6,0,0,0,0,0,0,0,0.000000,0,0,0,0,0,0,0,0,0,0,0,0,0,0,789.224761,0.000000
1761058001585,00007,111,4,139,139,1,0,0,0,0,0,0,0,0,0,0,0,0,0,0,0,0,0,0,0,0,0,0,0,0,6,0,0,0,0,0,0,0,0.000000,0,0,0,0,0,0,0,0,0,0,0,0,0,0,739.818821,0.000000
1761058001585,00008,111,4,139,139,1,0,0,0,0,0,0,0,0,0,0,0,0,0,0,0,0,0,0,0,0,0,0,0,0,6,0,0,0,0,0,0,0,0.000000,0,0,0,0,0,0,0,0,0,0,0,0,0,0,181.333394,0.000000
1761058001585,00032,111,4,139,139,1,0,0,0,0,0,0,0,0,0,0,0,0,0,0,0,0,0,0,0,0,0,0,0,0,6,0,0,0,0,0,0,0,0.000000,0,0,0,0,0,0,0,0,0,0,0,0,0,0,181.333394,0.000000
1761058001585,00034,111,4,139,139,1,0,0,0,0,0,0,0,0,0,0,0,0,0,0,0,0,0,0,0,0,0,0,0,0,6,0,0,0,0,0,0,0,0.000000,0,0,0,0,0,0,0,0,0,0,0,0,0,0,181.333394,0.000000
1761058001585,00063,111,4,139,139,1,0,0,0,0,0,0,0,0,0,0,0,0,0,0,0,0,0,0,0,0,0,0,0,0,6,0,0,0,0,0,0,0,0.000000,0,0,0,0,0,0,0,0,0,0,0,0,0,0,732.309805,0.000000
1761058001685,00002,111,4,139,139,1,0,0,0,0,0,0,0,0,0,0,0,0,0,0,0,0,0,0,0,0,0,0,0,0,6,0,0,0,0,0,0,0,0.000000,0,0,0,0,0,0,0,0,0,0,0,0,0,0,789.224761,0.000000
1761058001685,00007,111,4,139,139,1,0,0,0,0,0,0,0,0,0,0,0,0,0,0,0,0,0,0,0,0,0,0,0,0,6,0,0,0,0,0,0,0,0.000000,0,0,0,0,0,0,0,0,0,0,0,0,0,0,739.818821,0.000000
1761058001685,00008,111,4,139,139,1,0,0,0,0,0,0,0,0,0,0,0,0,0,0,0,0,0,0,0,0,0,0,0,0,6,0,0,0,0,0,0,0,0.000000,0,0,0,0,0,0,0,0,0,0,0,0,0,0,181.333394,0.000000
1761058001685,00032,111,4,139,139,1,0,0,0,0,0,0,0,0,0,0,0,0,0,0,0,0,0,0,0,0,0,0,0,0,6,0,0,0,0,0,0,0,0.000000,0,0,0,0,0,0,0,0,0,0,0,0,0,0,181.333394,0.000000
1761058001685,00034,111,4,139,139,1,0,0,0,0,0,0,0,0,0,0,0,0,0,0,0,0,0,0,0,0,0,0,0,0,6,0,0,0,0,0,0,0,0.000000,0,0,0,0,0,0,0,0,0,0,0,0,0,0,181.333394,0.000000
1761058001685,00063,111,4,139,139,1,0,0,0,0,0,0,0,0,0,0,0,0,0,0,0,0,0,0,0,0,0,0,0,0,6,0,0,0,0,0,0,0,0.000000,0,0,0,0,0,0,0,0,0,0,0,0,0,0,732.309805,0.000000
1761058001785,00002,111,4,139,139,1,0,0,11,7,11,0,0,0,4,752,5,6,0,0,0,0,0,0,0,11,0,0,0,0,7,11,7,11,0,0,4,752,0.670179,5,6,0,0,0,0,0,0,0,11,0,0,0,0,328.305640,20.000000
1761058001785,00007,111,4,139,139,1,0,0,11,7,11,0,0,0,4,752,5,6,0,0,0,0,0,0,0,11,0,0,0,0,7,0,0,0,0,0,0,0,0.000000,0,0,0,0,0,0,0,0,0,0,0,0,0,0,739.818821,0.000000
1761058001785,00008,111,4,139,139,1,0,0,11,7,11,0,0,0,4,752,5,6,0,0,0,0,0,0,0,11,0,0,0,0,7,0,0,0,0,0,0,0,0.000000,0,0,0,0,0,0,0,0,0,0,0,0,0,0,181.333394,0.000000
1761058001785,00032,111,4,139,139,1,0,0,11,7,11,0,0,0,4,752,5,6,0,0,0,0,0,0,0,11,0,0,0,0,7,0,0,0,0,0,0,0,0.000000,0,0,0,0,0,0,0,0,0,0,0,0,0,0,181.333394,0.000000
1761058001785,00034,111,4,139,139,1,0,0,11,7,11,0,0,0,4,752,5,6,0,0,0,0,0,0,0,11,0,0,0,0,7,0,0,0,0,0,0,0,0.000000,0,0,0,0,0,0,0,0,0,0,0,0,0,0,181.333394,0.000000
1761058001785,00063,111,4,139,139,1,0,0,11,7,11,0,0,0,4,752,5,6,0,0,0,0,0,0,0,11,0,0,0,0,7,0,0,0,0,0,0,0,0.000000,0,0,0,0,0,0,0,0,0,0,0,0,0,0,732.309805,0.000000
1761058001785,00054,111,4,139,139,1,0,0,11,7,11,0,0,0,4,752,5,6,0,0,0,0,0,0,0,11,0,0,0,0,7,0,0,0,0,0,0,0,0.000000,0,0,0,0,0,0,0,0,0,0,0,0,0,0,181.333394,0.000000
1761058001885,00002,111,4,139,139,1,0,0,8,6,8,0,0,0,2,462,8,0,0,0,0,0,0,3,1,4,0,0,0,0,7,4,4,4,0,0,0,402,0.446786,4,0,0,0,0,0,0,0,0,4,0,0,0,0,404.848853,20.000000
1761058001885,00007,111,4,139,139,1,0,0,8,6,8,0,0,0,2,462,8,0,0,0,0,0,0,3,1,4,0,0,0,0,7,3,1,3,0,0,2,45,0.148929,3,0,0,0,0,0,0,3,0,0,0,0,0,0,760.369344,0.000000
1761058001885,00008,111,4,139,139,1,0,0,8,6,8,0,0,0,2,462,8,0,0,0,0,0,0,3,1,4,0,0,0,0,7,1,1,1,0,0,0,15,0.049643,1,0,0,0,0,0,0,0,1,0,0,0,0,0,186.666729,0.000000
1761058001885,00032,111,4,139,139,1,0,0,8,6,8,0,0,0,2,462,8,0,0,0,0,0,0,3,1,4,0,0,0,0,7,0,0,0,0,0,0,0,0.000000,0,0,0,0,0,0,0,0,0,0,0,0,0,0,181.333394,0.000000
1761058001885,00034,111,4,139,139,1,0,0,8,6,8,0,0,0,2,462,8,0,0,0,0,0,0,3,1,4,0,0,0,0,7,0,0,0,0,0,0,0,0.000000,0,0,0,0,0,0,0,0,0,0,0,0,0,0,181.333394,0.000000
1761058001885,00063,111,4,139,139,1,0,0,8,6,8,0,0,0,2,462,8,0,0,0,0,0,0,3,1,4,0,0,0,0,7,0,0,0,0,0,0,0,0.000000,0,0,0,0,0,0,0,0,0,0,0,0,0,0,732.309805,0.000000
1761058001885,00054,111,4,139,139,1,0,0,8,6,8,0,0,0,2,462,8,0,0,0,0,0,0,3,1,4,0,0,0,0,7,0,0,0,0,0,0,0,0.000000,0,0,0,0,0,0,0,0,0,0,0,0,0,0,181.333394,0.000000
1761058001985,00002,111,4,139,139,1,1,0,20,6,20,0,0,2,14,1015,20,0,0,0,0,0,8,12,0,0,0,0,0,0,7,0,0,0,0,0,0,0,0.000000,0,0,0,0,0,0,0,0,0,0,0,0,0,0,404.848853,0.000000
1761058001985,00007,111,4,139,139,1,1,0,20,6,20,0,0,2,14,1015,20,0,0,0,0,0,8,12,0,0,0,0,0,0,7,4,2,4,0,0,2,255,0.719821,4,0,0,0,0,0,0,4,0,0,0,0,0,0,232.766736,10.000000
1761058001985,00008,111,4,139,139,1,1,0,20,6,20,0,0,2,14,1015,20,0,0,0,0,0,8,12,0,0,0,0,0,0,7,16,4,16,0,0,12,760,2.184286,16,0,0,0,0,0,8,8,0,0,0,0,0,0,173.148989,0.000000
1761058001985,00032,111,4,139,139,1,1,0,20,6,20,0,0,2,14,1015,20,0,0,0,0,0,8,12,0,0,0,0,0,0,7,0,0,0,0,0,0,0,0.000000,0,0,0,0,0,0,0,0,0,0,0,0,0,0,181.333394,0.000000
1761058001985,00034,111,4,139,139,1,1,0,20,6,20,0,0,2,14,1015,20,0,0,0,0,0,8,12,0,0,0,0,0,0,7,0,0,0,0,0,0,0,0.000000,0,0,0,0,0,0,0,0,0,0,0,0,0,0,181.333394,0.000000
1761058001985,00063,111,4,139,139,1,1,0,20,6,20,0,0,2,14,1015,20,0,0,0,0,0,8,12,0,0,0,0,0,0,7,0,0,0,0,0,0,0,0.000000,0,0,0,0,0,0,0,0,0,0,0,0,0,0,732.309805,0.000000
1761058001985,00054,111,4,139,139,1,1,0,20,6,20,0,0,2,14,1015,20,0,0,0,0,0,8,12,0,0,0,0,0,0,7,0,0,0,0,0,0,0,0.000000,0,0,0,0,0,0,0,0,0,0,0,0,0,0,181.333394,0.000000
1761058002085,00002,111,4,139,139,1,0,0,8,3,8,0,0,0,5,315,8,0,0,0,0,0,0,8,0,0,0,0,0,0,7,0,0,0,0,0,0,0,0.000000,0,0,0,0,0,0,0,0,0,0,0,0,0,0,371.930135,0.000000
1761058002085,00007,111,4,139,139,1,0,0,8,3,8,0,0,0,5,315,8,0,0,0,0,0,0,8,0,0,0,0,0,0,7,0,0,0,0,0,0,0,0.000000,0,0,0,0,0,0,0,0,0,0,0,0,0,0,232.766736,0.000000
1761058002085,00008,111,4,139,139,1,0,0,8,3,8,0,0,0,5,315,8,0,0,0,0,0,0,8,0,0,0,0,0,0,7,8,3,8,0,0,5,315,0.918393,8,0,0,0,0,0,0,8,0,0,0,0,0,0,248.587137,10.000000
1761058002085,00032,111,4,139,139,1,0,0,8,3,8,0,0,0,5,315,8,0,0,0,0,0,0,8,0,0,0,0,0,0,7,0,0,0,0,0,0,0,0.000000,0,0,0,0,0,0,0,0,0,0,0,0,0,0,181.333394,0.000000
1761058002085,00034,111,4,139,139,1,0,0,8,3,8,0,0,0,5,315,8,0,0,0,0,0,0,8,0,0,0,0,0,0,7,0,0,0,0,0,0,0,0.000000,0,0,0,0,0,0,0,0,0,0,0,0,0,0,181.333394,0.000000
1761058002085,00063,111,4,139,139,1,0,0,8,3,8,0,0,0,5,315,8,0,0,0,0,0,0,8,0,0,0,0,0,0,7,0,0,0,0,0,0,0,0.000000,0,0,0,0,0,0,0,0,0,0,0,0,0,0,732.309805,0.000000
1761058002085,00054,111,4,139,139,1,0,0,8,3,8,0,0,0,5,315,8,0,0,0,0,0,0,8,0,0,0,0,0,0,7,0,0,0,0,0,0,0,0.000000,0,0,0,0,0,0,0,0,0,0,0,0,0,0,181.333394,0.000000
1761058002185,00002,111,4,139,139,1,4,0,242,182,242,0,0,6,60,49801,199,43,0,0,0,0,1,3,103,135,0,0,0,992261,7,0,0,0,0,0,0,0,0.000000,0,0,0,0,0,0,0,0,0,0,0,0,0,0,371.930135,0.000000
1761058002185,00032,111,4,139,139,1,4,0,242,182,242,0,0,6,60,49801,199,43,0,0,0,0,1,3,103,135,0,0,0,992261,7,0,0,0,0,0,0,0,0.000000,0,0,0,0,0,0,0,0,0,0,0,0,0,0,181.333394,0.000000
1761058002185,00034,111,4,139,139,1,4,0,242,182,242,0,0,6,60,49801,199,43,0,0,0,0,1,3,103,135,0,0,0,992261,7,0,0,0,0,0,0,0,0.000000,0,0,0,0,0,0,0,0,0,0,0,0,0,0,181.333394,0.000000
1761058002185,00063,111,4,139,139,1,4,0,242,182,242,0,0,6,60,49801,199,43,0,0,0,0,1,3,103,135,0,0,0,992261,7,0,0,0,0,0,0,0,0.000000,0,0,0,0,0,0,0,0,0,0,0,0,0,0,732.309805,0.000000
1761058002185,00054,111,4,139,139,1,4,0,242,182,242,0,0,6,60,49801,199,43,0,0,0,0,1,3,103,135,0,0,0,992261,7,0,0,0,0,0,0,0,0.000000,0,0,0,0,0,0,0,0,0,0,0,0,0,0,181.333394,0.000000
1761058002185,00001,111,4,139,139,1,4,0,242,182,242,0,0,6,60,49801,199,43,0,0,0,0,1,3,103,135,0,0,0,992261,7,236,178,236,0,0,58,49558,6.134055,197,39,0,0,0,0,1,0,103,132,0,0,0,992261,3012.641981,3560.000000
1761058002185,00023,111,4,139,139,1,4,0,242,182,242,0,0,6,60,49801,199,43,0,0,0,0,1,3,103,135,0,0,0,992261,7,6,4,6,0,0,2,243,0.024801,2,4,0,0,0,0,0,3,0,3,0,0,0,0,320.063632,10.000000
1761058002285,00032,111,4,139,139,1,10,0,323,243,300,23,0,14,80,68498,259,41,23,0,0,0,35,1,234,52,1,0,0,1588878,7,0,0,0,0,0,0,0,0.000000,0,0,0,0,0,0,0,0,0,0,0,0,0,0,181.333394,0.000000
1761058002285,00034,111,4,139,139,1,10,0,323,243,300,23,0,14,80,68498,259,41,23,0,0,0,35,1,234,52,1,0,0,1588878,7,0,0,0,0,0,0,0,0.000000,0,0,0,0,0,0,0,0,0,0,0,0,0,0,181.333394,0.000000
1761058002285,00063,111,4,139,139,1,10,0,323,243,300,23,0,14,80,68498,259,41,23,0,0,0,35,1,234,52,1,0,0,1588878,7,0,0,0,0,0,0,0,0.000000,0,0,0,0,0,0,0,0,0,0,0,0,0,0,732.309805,0.000000
1761058002285,00054,111,4,139,139,1,10,0,323,243,300,23,0,14,80,68498,259,41,23,0,0,0,35,1,234,52,1,0,0,1588878,7,0,0,0,0,0,0,0,0.000000,0,0,0,0,0,0,0,0,0,0,0,0,0,0,181.333394,0.000000
1761058002285,00001,111,4,139,139,1,10,0,323,243,300,23,0,14,80,68498,259,41,23,0,0,0,35,1,234,52,1,0,0,1588878,7,42,16,42,0,0,26,3100,7.074107,42,0,0,0,0,0,35,1,6,0,0,0,0,1138457,3183.796577,2930.000000
1761058002285,00023,111,4,139,139,1,10,0,323,243,300,23,0,14,80,68498,259,41,23,0,0,0,35,1,234,52,1,0,0,1588878,7,14,12,6,8,0,2,1404,1.017679,6,0,8,0,0,0,0,0,4,9,1,0,0,0,448.667157,150.000000
1761058002285,00017,111,4,139,139,1,10,0,323,243,300,23,0,14,80,68498,259,41,23,0,0,0,35,1,234,52,1,0,0,1588878,7,267,215,252,15,0,52,63994,6.709165,211,41,15,0,0,0,0,0,224,43,0,0,0,450421,6319.612332,3870.000000
1761058002385,00032,111,4,139,139,1,38,0,189,151,189,0,0,54,38,43680,159,30,0,0,0,0,0,3,150,36,0,0,0,538257,6,0,0,0,0,0,0,0,0.000000,0,0,0,0,0,0,0,0,0,0,0,0,0,0,181.333394,0.000000
1761058002385,00034,111,4,139,139,1,38,0,189,151,189,0,0,54,38,43680,159,30,0,0,0,0,0,3,150,36,0,0,0,538257,6,0,0,0,0,0,0,0,0.000000,0,0,0,0,0,0,0,0,0,0,0,0,0,0,181.333394,0.000000
1761058002385,00063,111,4,139,139,1,38,0,189,151,189,0,0,54,38,43680,159,30,0,0,0,0,0,3,150,36,0,0,0,538257,6,0,0,0,0,0,0,0,0.000000,0,0,0,0,0,0,0,0,0,0,0,0,0,0,732.309805,0.000000
1761058002385,00054,111,4,139,139,1,38,0,189,151,189,0,0,54,38,43680,159,30,0,0,0,0,0,3,150,36,0,0,0,538257,6,0,0,0,0,0,0,0,0.000000,0,0,0,0,0,0,0,0,0,0,0,0,0,0,181.333394,0.000000
1761058002385,00023,111,4,139,139,1,38,0,189,151,189,0,0,54,38,43680,159,30,0,0,0,0,0,3,150,36,0,0,0,538257,6,0,0,0,0,0,0,0,0.000000,0,0,0,0,0,0,0,0,0,0,0,0,0,0,463.280888,0.000000
1761058002385,00017,111,4,139,139,1,38,0,189,151,189,0,0,54,38,43680,159,30,0,0,0,0,0,3,150,36,0,0,0,538257,6,189,151,189,0,0,38,43680,54.284464,159,30,0,0,0,0,0,3,150,36,0,0,0,538257,6084.333322,4190.000000
1761058002485,00032,111,4,139,139,1,78,0,423,338,404,12,7,109,85,125297,258,146,12,3,4,0,0,0,227,188,4,4,0,564334,6,6,4,2,0,4,2,526,0.198571,2,0,0,0,4,0,0,0,0,0,2,4,0,0,253.333418,0.000000
1761058002485,00034,111,4,139,139,1,78,0,423,338,404,12,7,109,85,125297,258,146,12,3,4,0,0,0,227,188,4,4,0,564334,6,0,0,0,0,0,0,0,0.000000,0,0,0,0,0,0,0,0,0,0,0,0,0,0,181.333394,0.000000
1761058002485,00063,111,4,139,139,1,78,0,423,338,404,12,7,109,85,125297,258,146,12,3,4,0,0,0,227,188,4,4,0,564334,6,9,5,3,3,3,4,560,0.273036,3,0,3,3,0,0,0,0,7,0,2,0,0,0,412.519430,0.000000
1761058002485,00054,111,4,139,139,1,78,0,423,338,404,12,7,109,85,125297,258,146,12,3,4,0,0,0,227,188,4,4,0,564334,6,0,0,0,0,0,0,0,0.000000,0,0,0,0,0,0,0,0,0,0,0,0,0,0,181.333394,0.000000
1761058002485,00017,111,4,139,139,1,78,0,423,338,404,12,7,109,85,125297,258,146,12,3,4,0,0,0,227,188,4,4,0,564334,6,408,329,399,9,0,79,124211,109.685893,253,146,9,0,0,0,0,0,220,188,0,0,0,564334,5678.222083,7750.000000
1761058002485,00002,111,4,139,139,1,78,0,423,338,404,12,7,109,85,125297,258,146,12,3,4,0,0,0,227,188,4,4,0,564334,6,0,0,0,0,0,0,0,0.000000,0,0,0,0,0,0,0,0,0,0,0,0,0,0,371.930135,0.000000
1761058002585,00032,111,4,139,139,1,31,0,241,167,234,5,2,44,74,37592,210,24,5,2,0,0,4,31,154,50,2,0,0,1813532,7,2,2,1,0,1,0,118,0.074464,1,0,0,1,0,0,0,0,0,0,2,0,0,0,244.000081,10.000000
1761058002585,00034,111,4,139,139,1,31,0,241,167,234,5,2,44,74,37592,210,24,5,2,0,0,4,31,154,50,2,0,0,1813532,7,0,0,0,0,0,0,0,0.000000,0,0,0,0,0,0,0,0,0,0,0,0,0,0,181.333394,0.000000
1761058002585,00063,111,4,139,139,1,31,0,241,167,234,5,2,44,74,37592,210,24,5,2,0,0,4,31,154,50,2,0,0,1813532,7,13,7,8,4,1,6,716,1.191429,8,0,4,1,0,0,0,7,4,2,0,0,0,0,307.683302,30.000000
1761058002585,00054,111,4,139,139,1,31,0,241,167,234,5,2,44,74,37592,210,24,5,2,0,0,4,31,154,50,2,0,0,1813532,7,0,0,0,0,0,0,0,0.000000,0,0,0,0,0,0,0,0,0,0,0,0,0,0,181.333394,0.000000
1761058002585,00017,111,4,139,139,1,31,0,241,167,234,5,2,44,74,37592,210,24,5,2,0,0,4,31,154,50,2,0,0,1813532,7,187,139,186,1,0,48,32694,43.511964,166,20,1,0,0,0,0,0,142,45,0,0,0,675504,5537.961418,2510.000000
1761058002585,00002,111,4,139,139,1,31,0,241,167,234,5,2,44,74,37592,210,24,5,2,0,0,4,31,154,50,2,0,0,1813532,7,0,0,0,0,0,0,0,0.000000,0,0,0,0,0,0,0,0,0,0,0,0,0,0,371.930135,0.000000
1761058002585,00037,111,4,139,139,1,31,0,241,167,234,5,2,44,74,37592,210,24,5,2,0,0,4,31,154,50,2,0,0,1813532,7,39,19,39,0,0,20,4064,0.505684,35,4,0,0,0,0,4,24,8,3,0,0,0,1138028,2913.913970,1670.000000
1761058002685,00032,111,4,139,139,1,19,0,140,62,107,28,5,27,78,30483,80,27,27,5,1,0,52,37,18,26,5,2,0,2063739,8,4,4,2,2,0,0,189,0.148929,2,0,1,1,0,0,0,0,0,0,4,0,0,0,272.244320,0.000000
1761058002685,00034,111,4,139,139,1,19,0,140,62,107,28,5,27,78,30483,80,27,27,5,1,0,52,37,18,26,5,2,0,2063739,8,0,0,0,0,0,0,0,0.000000,0,0,0,0,0,0,0,0,0,0,0,0,0,0,181.333394,0.000000
1761058002685,00063,111,4,139,139,1,19,0,140,62,107,28,5,27,78,30483,80,27,27,5,1,0,52,37,18,26,5,2,0,2063739,8,9,6,4,0,5,3,1110,0.347500,4,0,0,4,1,0,0,0,7,0,0,2,0,2,394.006846,20.000000
1761058002685,00054,111,4,139,139,1,19,0,140,62,107,28,5,27,78,30483,80,27,27,5,1,0,52,37,18,26,5,2,0,2063739,8,0,0,0,0,0,0,0,0.000000,0,0,0,0,0,0,0,0,0,0,0,0,0,0,181.333394,0.000000
1761058002685,00017,111,4,139,139,1,19,0,140,62,107,28,5,27,78,30483,80,27,27,5,1,0,52,37,18,26,5,2,0,2063739,8,86,38,60,26,0,48,26053,19.683393,33,27,26,0,0,0,22,31,8,24,1,0,0,795396,5580.701601,3030.000000
1761058002685,00002,111,4,139,139,1,19,0,140,62,107,28,5,27,78,30483,80,27,27,5,1,0,52,37,18,26,5,2,0,2063739,8,0,0,0,0,0,0,0,0.000000,0,0,0,0,0,0,0,0,0,0,0,0,0,0,371.930135,0.000000
1761058002685,00037,111,4,139,139,1,19,0,140,62,107,28,5,27,78,30483,80,27,27,5,1,0,52,37,18,26,5,2,0,2063739,8,36,9,36,0,0,27,2964,8.340000,36,0,0,0,0,0,30,6,0,0,0,0,0,1268341,3000.629452,3030.000000
1761058002685,00023,111,4,139,139,1,19,0,140,62,107,28,5,27,78,30483,80,27,27,5,1,0,52,37,18,26,5,2,0,2063739,8,5,5,5,0,0,0,167,0.035440,5,0,0,0,0,0,0,0,3,2,0,0,0,0,417.014396,30.000000
1761058002785,00032,111,4,139,139,1,6,0,110,53,93,5,12,9,57,7448,83,10,5,5,7,0,39,5,40,16,8,2,0,1389933,7,6,4,1,1,4,2,612,0.173750,1,0,1,1,3,0,0,0,0,1,4,1,0,0,314.946658,0.000000
1761058002785,00034,111,4,139,139,1,6,0,110,53,93,5,12,9,57,7448,83,10,5,5,7,0,39,5,40,16,8,2,0,1389933,7,0,0,0,0,0,0,0,0.000000,0,0,0,0,0,0,0,0,0,0,0,0,0,0,181.333394,0.000000
1761058002785,00063,111,4,139,139,1,6,0,110,53,93,5,12,9,57,7448,83,10,5,5,7,0,39,5,40,16,8,2,0,1389933,7,31,19,23,0,8,12,3256,3.077857,23,0,0,4,4,0,0,0,26,1,3,1,0,0,474.078682,80.000000
1761058002785,00054,111,4,139,139,1,6,0,110,53,93,5,12,9,57,7448,83,10,5,5,7,0,39,5,40,16,8,2,0,1389933,7,0,0,0,0,0,0,0,0.000000,0,0,0,0,0,0,0,0,0,0,0,0,0,0,181.333394,0.000000
1761058002785,00002,111,4,139,139,1,6,0,110,53,93,5,12,9,57,7448,83,10,5,5,7,0,39,5,40,16,8,2,0,1389933,7,0,0,0,0,0,0,0,0.000000,0,0,0,0,0,0,0,0,0,0,0,0,0,0,371.930135,0.000000
1761058002785,00037,111,4,139,139,1,6,0,110,53,93,5,12,9,57,7448,83,10,5,5,7,0,39,5,40,16,8,2,0,1389933,7,45,12,45,0,0,33,1841,5.361429,45,0,0,0,0,0,39,4,2,0,0,0,0,1389933,3043.814848,1460.000000
1761058002785,00023,111,4,139,139,1,6,0,110,53,93,5,12,9,57,7448,83,10,5,5,7,0,39,5,40,16,8,2,0,1389933,7,28,18,24,4,0,10,1739,1.588571,14,10,4,0,0,0,0,1,12,14,1,0,0,0,419.706741,70.000000
1761058002885,00032,111,4,139,139,1,5,0,54,27,50,4,0,8,27,4323,46,4,4,0,0,0,15,15,16,5,2,1,0,1521408,7,7,5,7,0,0,2,431,0.397143,3,4,0,0,0,0,0,0,0,5,1,1,0,0,306.159364,10.000000
1761058002885,00034,111,4,139,139,1,5,0,54,27,50,4,0,8,27,4323,46,4,4,0,0,0,15,15,16,5,2,1,0,1521408,7,0,0,0,0,0,0,0,0.000000,0,0,0,0,0,0,0,0,0,0,0,0,0,0,181.333394,0.000000
1761058002885,00063,111,4,139,139,1,5,0,54,27,50,4,0,8,27,4323,46,4,4,0,0,0,15,15,16,5,2,1,0,1521408,7,11,6,7,4,0,5,814,0.843929,7,0,4,0,0,0,0,0,10,0,1,0,0,54,456.268848,30.000000
1761058002885,00054,111,4,139,139,1,5,0,54,27,50,4,0,8,27,4323,46,4,4,0,0,0,15,15,16,5,2,1,0,1521408,7,0,0,0,0,0,0,0,0.000000,0,0,0,0,0,0,0,0,0,0,0,0,0,0,181.333394,0.000000
1761058002885,00002,111,4,139,139,1,5,0,54,27,50,4,0,8,27,4323,46,4,4,0,0,0,15,15,16,5,2,1,0,1521408,7,0,0,0,0,0,0,0,0.000000,0,0,0,0,0,0,0,0,0,0,0,0,0,0,371.930135,0.000000
1761058002885,00037,111,4,139,139,1,5,0,54,27,50,4,0,8,27,4323,46,4,4,0,0,0,15,15,16,5,2,1,0,1521408,7,33,13,33,0,0,20,3033,8.141429,33,0,0,0,0,0,15,15,3,0,0,0,0,1521354,3120.464057,3030.000000
1761058002885,00023,111,4,139,139,1,5,0,54,27,50,4,0,8,27,4323,46,4,4,0,0,0,15,15,16,5,2,1,0,1521408,7,3,3,3,0,0,0,45,0.148929,3,0,0,0,0,0,0,0,3,0,0,0,0,0,420.588169,0.000000
1761058002985,00032,111,4,139,139,1,6,0,73,38,65,5,3,9,35,5175,61,4,2,3,3,0,0,44,12,7,7,3,0,1636741,8,6,4,1,5,0,2,496,0.198571,1,0,2,3,0,0,0,0,0,0,6,0,0,0,319.388710,10.000000
1761058002985,00034,111,4,139,139,1,6,0,73,38,65,5,3,9,35,5175,61,4,2,3,3,0,0,44,12,7,7,3,0,1636741,8,0,0,0,0,0,0,0,0.000000,0,0,0,0,0,0,0,0,0,0,0,0,0,0,181.333394,0.000000
1761058002985,00063,111,4,139,139,1,6,0,73,38,65,5,3,9,35,5175,61,4,2,3,3,0,0,44,12,7,7,3,0,1636741,8,14,12,11,0,3,2,1025,0.843929,7,4,0,0,3,0,0,0,4,6,1,3,0,0,434.348797,50.000000
1761058002985,00054,111,4,139,139,1,6,0,73,38,65,5,3,9,35,5175,61,4,2,3,3,0,0,44,12,7,7,3,0,1636741,8,0,0,0,0,0,0,0,0.000000,0,0,0,0,0,0,0,0,0,0,0,0,0,0,181.333394,0.000000
1761058002985,00002,111,4,139,139,1,6,0,73,38,65,5,3,9,35,5175,61,4,2,3,3,0,0,44,12,7,7,3,0,1636741,8,0,0,0,0,0,0,0,0.000000,0,0,0,0,0,0,0,0,0,0,0,0,0,0,371.930135,0.000000
1761058002985,00037,111,4,139,139,1,6,0,73,38,65,5,3,9,35,5175,61,4,2,3,3,0,0,44,12,7,7,3,0,1636741,8,51,20,51,0,0,31,3514,9.010179,51,0,0,0,0,0,0,44,7,0,0,0,0,1636741,3169.019562,2200.000000
1761058002985,00023,111,4,139,139,1,6,0,73,38,65,5,3,9,35,5175,61,4,2,3,3,0,0,44,12,7,7,3,0,1636741,8,0,0,0,0,0,0,0,0.000000,0,0,0,0,0,0,0,0,0,0,0,0,0,0,420.588169,0.000000
1761058002985,00008,111,4,139,139,1,6,0,73,38,65,5,3,9,35,5175,61,4,2,3,3,0,0,44,12,7,7,3,0,1636741,8,2,2,2,0,0,0,140,0.023351,2,0,0,0,0,0,0,0,1,1,0,0,0,0,319.982349,10.000000
1761058003085,00032,111,4,139,139,1,0,0,15,11,14,1,0,0,4,955,7,7,0,1,0,0,0,0,6,6,3,0,0,0,7,3,3,2,1,0,0,119,0.124107,2,0,0,1,0,0,0,0,0,0,3,0,0,0,303.043492,0.000000
1761058003085,00034,111,4,139,139,1,0,0,15,11,14,1,0,0,4,955,7,7,0,1,0,0,0,0,6,6,3,0,0,0,7,0,0,0,0,0,0,0,0.000000,0,0,0,0,0,0,0,0,0,0,0,0,0,0,181.333394,0.000000
1761058003085,00063,111,4,139,139,1,0,0,15,11,14,1,0,0,4,955,7,7,0,1,0,0,0,0,6,6,3,0,0,0,7,12,8,12,0,0,4,836,0.794286,5,7,0,0,0,0,0,0,6,6,0,0,0,0,425.826834,40.000000
1761058003085,00054,111,4,139,139,1,0,0,15,11,14,1,0,0,4,955,7,7,0,1,0,0,0,0,6,6,3,0,0,0,7,0,0,0,0,0,0,0,0.000000,0,0,0,0,0,0,0,0,0,0,0,0,0,0,181.333394,0.000000
1761058003085,00002,111,4,139,139,1,0,0,15,11,14,1,0,0,4,955,7,7,0,1,0,0,0,0,6,6,3,0,0,0,7,0,0,0,0,0,0,0,0.000000,0,0,0,0,0,0,0,0,0,0,0,0,0,0,371.930135,0.000000
1761058003085,00023,111,4,139,139,1,0,0,15,11,14,1,0,0,4,955,7,7,0,1,0,0,0,0,6,6,3,0,0,0,7,0,0,0,0,0,0,0,0.000000,0,0,0,0,0,0,0,0,0,0,0,0,0,0,420.588169,0.000000
1761058003085,00008,111,4,139,139,1,0,0,15,11,14,1,0,0,4,955,7,7,0,1,0,0,0,0,6,6,3,0,0,0,7,0,0,0,0,0,0,0,0.000000,0,0,0,0,0,0,0,0,0,0,0,0,0,0,319.982349,0.000000
1761058003185,00032,111,4,139,139,1,0,0,17,11,13,3,1,0,6,1009,10,3,0,4,0,0,0,0,12,0,5,0,0,0,7,5,3,1,3,1,2,385,0.148929,1,0,0,4,0,0,0,0,0,0,5,0,0,0,291.202565,10.000000
1761058003185,00034,111,4,139,139,1,0,0,17,11,13,3,1,0,6,1009,10,3,0,4,0,0,0,0,12,0,5,0,0,0,7,0,0,0,0,0,0,0,0.000000,0,0,0,0,0,0,0,0,0,0,0,0,0,0,181.333394,0.000000
1761058003185,00063,111,4,139,139,1,0,0,17,11,13,3,1,0,6,1009,10,3,0,4,0,0,0,0,12,0,5,0,0,0,7,12,8,12,0,0,4,624,0.719821,9,3,0,0,0,0,0,0,12,0,0,0,0,0,426.695571,40.000000
1761058003185,00054,111,4,139,139,1,0,0,17,11,13,3,1,0,6,1009,10,3,0,4,0,0,0,0,12,0,5,0,0,0,7,0,0,0,0,0,0,0,0.000000,0,0,0,0,0,0,0,0,0,0,0,0,0,0,181.333394,0.000000
1761058003185,00002,111,4,139,139,1,0,0,17,11,13,3,1,0,6,1009,10,3,0,4,0,0,0,0,12,0,5,0,0,0,7,0,0,0,0,0,0,0,0.000000,0,0,0,0,0,0,0,0,0,0,0,0,0,0,371.930135,0.000000
1761058003185,00023,111,4,139,139,1,0,0,17,11,13,3,1,0,6,1009,10,3,0,4,0,0,0,0,12,0,5,0,0,0,7,0,0,0,0,0,0,0,0.000000,0,0,0,0,0,0,0,0,0,0,0,0,0,0,420.588169,0.000000
1761058003185,00008,111,4,139,139,1,0,0,17,11,13,3,1,0,6,1009,10,3,0,4,0,0,0,0,12,0,5,0,0,0,7,0,0,0,0,0,0,0,0.000000,0,0,0,0,0,0,0,0,0,0,0,0,0,0,319.982349,0.000000
1761058003285,00032,111,4,139,139,1,0,0,18,12,17,1,0,1,6,1012,16,1,1,0,0,0,0,0,12,2,4,0,0,0,7,4,4,3,1,0,0,170,0.173750,2,1,1,0,0,0,0,0,0,0,4,0,0,0,288.822898,0.000000
1761058003285,00034,111,4,139,139,1,0,0,18,12,17,1,0,1,6,1012,16,1,1,0,0,0,0,0,12,2,4,0,0,0,7,0,0,0,0,0,0,0,0.000000,0,0,0,0,0,0,0,0,0,0,0,0,0,0,181.333394,0.000000
1761058003285,00063,111,4,139,139,1,0,0,18,12,17,1,0,1,6,1012,16,1,1,0,0,0,0,0,12,2,4,0,0,0,7,14,8,14,0,0,6,842,1.265893,14,0,0,0,0,0,0,0,12,2,0,0,0,0,414.141857,40.000000
1761058003285,00054,111,4,139,139,1,0,0,18,12,17,1,0,1,6,1012,16,1,1,0,0,0,0,0,12,2,4,0,0,0,7,0,0,0,0,0,0,0,0.000000,0,0,0,0,0,0,0,0,0,0,0,0,0,0,181.333394,0.000000
1761058003285,00002,111,4,139,139,1,0,0,18,12,17,1,0,1,6,1012,16,1,1,0,0,0,0,0,12,2,4,0,0,0,7,0,0,0,0,0,0,0,0.000000,0,0,0,0,0,0,0,0,0,0,0,0,0,0,371.930135,0.000000
1761058003285,00023,111,4,139,139,1,0,0,18,12,17,1,0,1,6,1012,16,1,1,0,0,0,0,0,12,2,4,0,0,0,7,0,0,0,0,0,0,0,0.000000,0,0,0,0,0,0,0,0,0,0,0,0,0,0,420.588169,0.000000
1761058003285,00008,111,4,139,139,1,0,0,18,12,17,1,0,1,6,1012,16,1,1,0,0,0,0,0,12,2,4,0,0,0,7,0,0,0,0,0,0,0,0.000000,0,0,0,0,0,0,0,0,0,0,0,0,0,0,319.982349,0.000000
1761058003385,00032,111,4,139,139,1,0,0,22,12,16,6,0,1,10,1702,11,5,6,0,0,0,0,4,7,11,0,0,0,0,6,9,5,3,6,0,4,631,0.347500,1,2,6,0,0,0,0,0,0,9,0,0,0,0,293.319673,10.000000
1761058003385,00034,111,4,139,139,1,0,0,22,12,16,6,0,1,10,1702,11,5,6,0,0,0,0,4,7,11,0,0,0,0,6,0,0,0,0,0,0,0,0.000000,0,0,0,0,0,0,0,0,0,0,0,0,0,0,181.333394,0.000000
1761058003385,00063,111,4,139,139,1,0,0,22,12,16,6,0,1,10,1702,11,5,6,0,0,0,0,4,7,11,0,0,0,0,6,13,7,13,0,0,6,1071,1.811964,10,3,0,0,0,0,0,4,7,2,0,0,0,0,413.744735,60.000000
1761058003385,00002,111,4,139,139,1,0,0,22,12,16,6,0,1,10,1702,11,5,6,0,0,0,0,4,7,11,0,0,0,0,6,0,0,0,0,0,0,0,0.000000,0,0,0,0,0,0,0,0,0,0,0,0,0,0,371.930135,0.000000
1761058003385,00023,111,4,139,139,1,0,0,22,12,16,6,0,1,10,1702,11,5,6,0,0,0,0,4,7,11,0,0,0,0,6,0,0,0,0,0,0,0,0.000000,0,0,0,0,0,0,0,0,0,0,0,0,0,0,420.588169,0.000000
1761058003385,00008,111,4,139,139,1,0,0,22,12,16,6,0,1,10,1702,11,5,6,0,0,0,0,4,7,11,0,0,0,0,6,0,0,0,0,0,0,0,0.000000,0,0,0,0,0,0,0,0,0,0,0,0,0,0,319.982349,0.000000
1761058003485,00032,111,4,139,139,1,2,0,29,18,28,1,0,3,11,1596,28,0,1,0,0,0,0,12,15,0,2,0,0,37,6,2,2,1,1,0,0,85,0.074464,1,0,1,0,0,0,0,0,0,0,2,0,0,0,284.651031,0.000000
1761058003485,00034,111,4,139,139,1,2,0,29,18,28,1,0,3,11,1596,28,0,1,0,0,0,0,12,15,0,2,0,0,37,6,0,0,0,0,0,0,0,0.000000,0,0,0,0,0,0,0,0,0,0,0,0,0,0,181.333394,0.000000
1761058003485,00063,111,4,139,139,1,2,0,29,18,28,1,0,3,11,1596,28,0,1,0,0,0,0,12,15,0,2,0,0,37,6,11,9,11,0,0,2,603,1.092143,11,0,0,0,0,0,0,0,11,0,0,0,0,0,410.218063,40.000000
1761058003485,00002,111,4,139,139,1,2,0,29,18,28,1,0,3,11,1596,28,0,1,0,0,0,0,12,15,0,2,0,0,37,6,16,7,16,0,0,9,908,2.333214,16,0,0,0,0,0,0,12,4,0,0,0,0,37,296.682432,20.000000
1761058003485,00023,111,4,139,139,1,2,0,29,18,28,1,0,3,11,1596,28,0,1,0,0,0,0,12,15,0,2,0,0,37,6,0,0,0,0,0,0,0,0.000000,0,0,0,0,0,0,0,0,0,0,0,0,0,0,420.588169,0.000000
1761058003485,00008,111,4,139,139,1,2,0,29,18,28,1,0,3,11,1596,28,0,1,0,0,0,0,12,15,0,2,0,0,37,6,0,0,0,0,0,0,0,0.000000,0,0,0,0,0,0,0,0,0,0,0,0,0,0,319.982349,0.000000
1761058003585,00032,111,4,139,139,1,2,0,37,31,34,3,0,3,6,2294,32,2,3,0,0,0,0,7,25,2,3,0,0,0,6,5,5,2,3,0,0,297,0.198571,2,0,3,0,0,0,0,0,0,2,3,0,0,0,292.993843,10.000000
1761058003585,00034,111,4,139,139,1,2,0,37,31,34,3,0,3,6,2294,32,2,3,0,0,0,0,7,25,2,3,0,0,0,6,0,0,0,0,0,0,0,0.000000,0,0,0,0,0,0,0,0,0,0,0,0,0,0,181.333394,0.000000
1761058003585,00063,111,4,139,139,1,2,0,37,31,34,3,0,3,6,2294,32,2,3,0,0,0,0,7,25,2,3,0,0,0,6,10,6,10,0,0,4,554,1.588571,10,0,0,0,0,0,0,7,3,0,0,0,0,0,406.134061,20.000000
1761058003585,00002,111,4,139,139,1,2,0,37,31,34,3,0,3,6,2294,32,2,3,0,0,0,0,7,25,2,3,0,0,0,6,22,20,22,0,0,2,1443,2.010536,20,2,0,0,0,0,0,0,22,0,0,0,0,0,387.651280,100.000000
1761058003585,00023,111,4,139,139,1,2,0,37,31,34,3,0,3,6,2294,32,2,3,0,0,0,0,7,25,2,3,0,0,0,6,0,0,0,0,0,0,0,0.000000,0,0,0,0,0,0,0,0,0,0,0,0,0,0,420.588169,0.000000
1761058003585,00008,111,4,139,139,1,2,0,37,31,34,3,0,3,6,2294,32,2,3,0,0,0,0,7,25,2,3,0,0,0,6,0,0,0,0,0,0,0,0.000000,0,0,0,0,0,0,0,0,0,0,0,0,0,0,319.982349,0.000000
1761058003685,00032,111,4,139,139,1,3,0,43,23,43,0,0,5,20,2869,39,4,0,0,0,0,25,0,10,6,1,1,0,0,6,3,3,3,0,0,0,36,0.124107,3,0,0,0,0,0,0,0,0,1,1,1,0,0,293.661255,0.000000
1761058003685,00034,111,4,139,139,1,3,0,43,23,43,0,0,5,20,2869,39,4,0,0,0,0,25,0,10,6,1,1,0,0,6,0,0,0,0,0,0,0,0.000000,0,0,0,0,0,0,0,0,0,0,0,0,0,0,181.333394,0.000000
1761058003685,00063,111,4,139,139,1,3,0,43,23,43,0,0,5,20,2869,39,4,0,0,0,0,25,0,10,6,1,1,0,0,6,13,11,13,0,0,2,962,1.464464,13,0,0,0,0,0,0,0,10,3,0,0,0,0,400.521232,70.000000
1761058003685,00002,111,4,139,139,1,3,0,43,23,43,0,0,5,20,2869,39,4,0,0,0,0,25,0,10,6,1,1,0,0,6,25,7,25,0,0,18,1836,4.914643,21,4,0,0,0,0,25,0,0,0,0,0,0,0,386.704897,20.000000
1761058003685,00023,111,4,139,139,1,3,0,43,23,43,0,0,5,20,2869,39,4,0,0,0,0,25,0,10,6,1,1,0,0,6,2,2,2,0,0,0,35,0.074464,2,0,0,0,0,0,0,0,0,2,0,0,0,0,421.028883,0.000000
1761058003685,00008,111,4,139,139,1,3,0,43,23,43,0,0,5,20,2869,39,4,0,0,0,0,25,0,10,6,1,1,0,0,6,0,0,0,0,0,0,0,0.000000,0,0,0,0,0,0,0,0,0,0,0,0,0,0,319.982349,0.000000
1761058003785,00032,111,4,139,139,1,1,0,46,40,46,0,0,2,6,4318,19,27,0,0,0,0,0,0,12,34,0,0,0,0,5,8,6,8,0,0,2,425,0.347500,3,5,0,0,0,0,0,0,0,8,0,0,0,0,305.579872,10.000000
1761058003785,00034,111,4,139,139,1,1,0,46,40,46,0,0,2,6,4318,19,27,0,0,0,0,0,0,12,34,0,0,0,0,5,0,0,0,0,0,0,0,0.000000,0,0,0,0,0,0,0,0,0,0,0,0,0,0,181.333394,0.000000
1761058003785,00063,111,4,139,139,1,1,0,46,40,46,0,0,2,6,4318,19,27,0,0,0,0,0,0,12,34,0,0,0,0,5,10,8,10,0,0,2,580,0.943214,10,0,0,0,0,0,0,0,10,0,0,0,0,0,399.674533,40.000000
1761058003785,00023,111,4,139,139,1,1,0,46,40,46,0,0,2,6,4318,19,27,0,0,0,0,0,0,12,34,0,0,0,0,5,27,25,27,0,0,2,3298,2.755179,5,22,0,0,0,0,0,0,2,25,0,0,0,0,463.308416,150.000000
1761058003785,00008,111,4,139,139,1,1,0,46,40,46,0,0,2,6,4318,19,27,0,0,0,0,0,0,12,34,0,0,0,0,5,1,1,1,0,0,0,15,0.049643,1,0,0,0,0,0,0,0,0,1,0,0,0,0,320.234006,0.000000
1761058003885,00032,111,4,139,139,1,0,0,33,24,23,6,4,0,9,2476,11,12,6,0,4,0,0,0,15,16,1,1,0,0,5,3,3,3,0,0,0,132,0.124107,1,2,0,0,0,0,0,0,0,3,0,0,0,0,302.784032,0.000000
1761058003885,00034,111,4,139,139,1,0,0,33,24,23,6,4,0,9,2476,11,12,6,0,4,0,0,0,15,16,1,1,0,0,5,0,0,0,0,0,0,0,0.000000,0,0,0,0,0,0,0,0,0,0,0,0,0,0,181.333394,0.000000
1761058003885,00063,111,4,139,139,1,0,0,33,24,23,6,4,0,9,2476,11,12,6,0,4,0,0,0,15,16,1,1,0,0,5,12,7,7,1,4,5,1298,0.794286,6,1,1,0,4,0,0,0,8,3,0,1,0,0,396.797380,40.000000
1761058003885,00023,111,4,139,139,1,0,0,33,24,23,6,4,0,9,2476,11,12,6,0,4,0,0,0,15,16,1,1,0,0,5,11,9,6,5,0,2,702,0.372321,0,6,5,0,0,0,0,0,0,10,1,0,0,0,466.509913,50.000000
1761058003885,00008,111,4,139,139,1,0,0,33,24,23,6,4,0,9,2476,11,12,6,0,4,0,0,0,15,16,1,1,0,0,5,7,5,7,0,0,2,344,0.446786,4,3,0,0,0,0,0,0,7,0,0,0,0,0,334.991565,10.000000
1761058003985,00032,111,4,139,139,1,0,0,32,21,27,4,1,0,11,1081,24,3,4,1,0,0,0,3,21,5,3,0,0,0,5,4,4,4,0,0,0,139,0.223393,4,0,0,0,0,0,0,0,3,1,0,0,0,0,300.419303,0.000000
1761058003985,00034,111,4,139,139,1,0,0,32,21,27,4,1,0,11,1081,24,3,4,1,0,0,0,3,21,5,3,0,0,0,5,0,0,0,0,0,0,0,0.000000,0,0,0,0,0,0,0,0,0,0,0,0,0,0,181.333394,0.000000
1761058003985,00063,111,4,139,139,1,0,0,32,21,27,4,1,0,11,1081,24,3,4,1,0,0,0,3,21,5,3,0,0,0,5,13,9,13,0,0,4,436,0.918393,13,0,0,0,0,0,0,0,13,0,0,0,0,0,392.550501,30.000000
1761058003985,00023,111,4,139,139,1,0,0,32,21,27,4,1,0,11,1081,24,3,4,1,0,0,0,3,21,5,3,0,0,0,5,12,5,8,4,0,7,373,0.397143,5,3,4,0,0,0,0,3,5,4,0,0,0,0,464.060854,20.000000
1761058003985,00008,111,4,139,139,1,0,0,32,21,27,4,1,0,11,1081,24,3,4,1,0,0,0,3,21,5,3,0,0,0,5,3,3,2,0,1,0,133,0.124107,2,0,0,1,0,0,0,0,0,0,3,0,0,0,327.744980,0.000000
1761058004085,00032,111,4,139,139,1,0,0,31,20,28,3,0,1,11,1887,26,2,0,3,0,0,7,5,11,8,0,0,0,0,6,8,5,8,0,0,3,549,1.067321,8,0,0,0,0,0,0,4,2,2,0,0,0,0,305.313665,0.000000
1761058004085,00034,111,4,139,139,1,0,0,31,20,28,3,0,1,11,1887,26,2,0,3,0,0,7,5,11,8,0,0,0,0,6,0,0,0,0,0,0,0,0.000000,0,0,0,0,0,0,0,0,0,0,0,0,0,0,181.333394,0.000000
1761058004085,00063,111,4,139,139,1,0,0,31,20,28,3,0,1,11,1887,26,2,0,3,0,0,7,5,11,8,0,0,0,0,6,9,9,9,0,0,0,383,0.968036,9,0,0,0,0,0,0,0,9,0,0,0,0,0,389.666700,30.000000
1761058004085,00023,111,4,139,139,1,0,0,31,20,28,3,0,1,11,1887,26,2,0,3,0,0,7,5,11,8,0,0,0,0,6,8,2,8,0,0,6,556,0.992857,8,0,0,0,0,0,7,1,0,0,0,0,0,0,457.171314,20.000000
1761058004085,00008,111,4,139,139,1,0,0,31,20,28,3,0,1,11,1887,26,2,0,3,0,0,7,5,11,8,0,0,0,0,6,6,4,3,3,0,2,399,0.198571,1,2,0,3,0,0,0,0,0,6,0,0,0,0,330.905618,10.000000
1761058004085,00031,111,4,139,139,1,0,0,31,20,28,3,0,1,11,1887,26,2,0,3,0,0,7,5,11,8,0,0,0,0,6,0,0,0,0,0,0,0,0.000000,0,0,0,0,0,0,0,0,0,0,0,0,0,0,372.583982,0.000000
1761058004185,00032,111,4,139,139,1,0,0,33,20,29,4,0,1,13,1849,24,5,4,0,0,0,0,8,19,6,0,0,0,0,5,11,5,11,0,0,6,292,0.843929,11,0,0,0,0,0,0,8,3,0,0,0,0,0,312.120423,0.000000
1761058004185,00034,111,4,139,139,1,0,0,33,20,29,4,0,1,13,1849,24,5,4,0,0,0,0,8,19,6,0,0,0,0,5,0,0,0,0,0,0,0,0.000000,0,0,0,0,0,0,0,0,0,0,0,0,0,0,181.333394,0.000000
1761058004185,00063,111,4,139,139,1,0,0,33,20,29,4,0,1,13,1849,24,5,4,0,0,0,0,8,19,6,0,0,0,0,5,18,11,14,4,0,7,1398,1.762321,11,3,4,0,0,0,0,0,16,2,0,0,0,0,382.520583,50.000000
1761058004185,00008,111,4,139,139,1,0,0,33,20,29,4,0,1,13,1849,24,5,4,0,0,0,0,8,19,6,0,0,0,0,5,4,4,4,0,0,0,159,0.173750,2,2,0,0,0,0,0,0,0,4,0,0,0,0,327.812971,0.000000
1761058004185,00031,111,4,139,139,1,0,0,33,20,29,4,0,1,13,1849,24,5,4,0,0,0,0,8,19,6,0,0,0,0,5,0,0,0,0,0,0,0,0.000000,0,0,0,0,0,0,0,0,0,0,0,0,0,0,372.583982,0.000000
1761058004285,00032,111,4,139,139,1,0,0,25,18,22,3,0,1,7,1180,22,0,3,0,0,0,0,3,17,4,0,1,0,108,6,6,6,6,0,0,0,257,0.744643,6,0,0,0,0,0,0,0,6,0,0,0,0,0,320.432271,10.000000
1761058004285,00034,111,4,139,139,1,0,0,25,18,22,3,0,1,7,1180,22,0,3,0,0,0,0,3,17,4,0,1,0,108,6,1,1,1,0,0,0,15,0.049643,1,0,0,0,0,0,0,0,0,0,0,1,0,0,186.666729,0.000000
1761058004285,00063,111,4,139,139,1,0,0,25,18,22,3,0,1,7,1180,22,0,3,0,0,0,0,3,17,4,0,1,0,108,6,12,7,12,0,0,5,708,1.737500,12,0,0,0,0,0,0,3,8,1,0,0,0,108,379.143486,30.000000
1761058004285,00008,111,4,139,139,1,0,0,25,18,22,3,0,1,7,1180,22,0,3,0,0,0,0,3,17,4,0,1,0,108,6,5,3,2,3,0,2,185,0.148929,2,0,3,0,0,0,0,0,2,3,0,0,0,0,321.138441,10.000000
1761058004285,00031,111,4,139,139,1,0,0,25,18,22,3,0,1,7,1180,22,0,3,0,0,0,0,3,17,4,0,1,0,108,6,0,0,0,0,0,0,0,0.000000,0,0,0,0,0,0,0,0,0,0,0,0,0,0,372.583982,0.000000
1761058004285,00054,111,4,139,139,1,0,0,25,18,22,3,0,1,7,1180,22,0,3,0,0,0,0,3,17,4,0,1,0,108,6,1,1,1,0,0,0,15,0.001654,1,0,0,0,0,0,0,0,1,0,0,0,0,0,186.666729,0.000000
1761058004385,00032,111,4,139,139,1,0,0,44,26,25,4,15,1,18,3831,18,7,4,5,7,3,0,6,11,7,15,2,3,0,5,8,4,8,0,0,4,266,0.496429,5,3,0,0,0,0,0,3,4,1,0,0,0,0,317.196700,0.000000
1761058004385,00034,111,4,139,139,1,0,0,44,26,25,4,15,1,18,3831,18,7,4,5,7,3,0,6,11,7,15,2,3,0,5,20,12,1,4,15,8,2750,0.595714,0,1,4,5,7,3,0,0,0,0,15,2,3,0,404.225653,80.000000
1761058004385,00008,111,4,139,139,1,0,0,44,26,25,4,15,1,18,3831,18,7,4,5,7,3,0,6,11,7,15,2,3,0,5,5,3,5,0,0,2,156,0.173750,2,3,0,0,0,0,0,0,0,5,0,0,0,0,315.785840,0.000000
1761058004385,00031,111,4,139,139,1,0,0,44,26,25,4,15,1,18,3831,18,7,4,5,7,3,0,6,11,7,15,2,3,0,5,0,0,0,0,0,0,0,0.000000,0,0,0,0,0,0,0,0,0,0,0,0,0,0,372.583982,0.000000
1761058004385,00054,111,4,139,139,1,0,0,44,26,25,4,15,1,18,3831,18,7,4,5,7,3,0,6,11,7,15,2,3,0,5,11,7,11,0,0,4,659,1.836786,11,0,0,0,0,0,0,3,7,1,0,0,0,0,356.617227,70.000000
1761058004485,00032,111,4,139,139,1,0,0,31,23,9,1,21,0,8,3638,8,1,0,2,17,3,0,3,3,2,3,18,2,0,5,1,1,1,0,0,0,15,0.049643,1,0,0,0,0,0,0,0,1,0,0,0,0,0,310.955492,0.000000
1761058004485,00034,111,4,139,139,1,0,0,31,23,9,1,21,0,8,3638,8,1,0,2,17,3,0,3,3,2,3,18,2,0,5,20,14,0,0,20,6,3078,0.496429,0,0,0,0,17,3,0,0,0,0,0,18,2,0,479.627233,80.000000
1761058004485,00008,111,4,139,139,1,0,0,31,23,9,1,21,0,8,3638,8,1,0,2,17,3,0,3,3,2,3,18,2,0,5,5,5,3,1,1,0,314,0.173750,2,1,0,2,0,0,0,0,0,2,3,0,0,0,316.750642,10.000000
1761058004485,00031,111,4,139,139,1,0,0,31,23,9,1,21,0,8,3638,8,1,0,2,17,3,0,3,3,2,3,18,2,0,5,0,0,0,0,0,0,0,0.000000,0,0,0,0,0,0,0,0,0,0,0,0,0,0,372.583982,0.000000
1761058004485,00054,111,4,139,139,1,0,0,31,23,9,1,21,0,8,3638,8,1,0,2,17,3,0,3,3,2,3,18,2,0,5,5,3,5,0,0,2,231,0.670179,5,0,0,0,0,0,0,3,2,0,0,0,0,0,391.730939,10.000000
1761058004585,00034,111,4,139,139,1,0,0,233,175,69,50,114,1,58,188743,4,65,23,62,72,7,0,0,0,50,109,65,9,1351458,6,20,12,0,0,20,8,3370,0.496429,0,0,0,0,13,7,0,0,0,0,0,11,9,0,505.689900,80.000000
1761058004585,00008,111,4,139,139,1,0,0,233,175,69,50,114,1,58,188743,4,65,23,62,72,7,0,0,0,50,109,65,9,1351458,6,3,3,1,1,1,0,232,0.099286,1,0,1,0,1,0,0,0,0,1,0,2,0,0,324.356740,0.000000
1761058004585,00031,111,4,139,139,1,0,0,233,175,69,50,114,1,58,188743,4,65,23,62,72,7,0,0,0,50,109,65,9,1351458,6,0,0,0,0,0,0,0,0.000000,0,0,0,0,0,0,0,0,0,0,0,0,0,0,372.583982,0.000000
1761058004585,00054,111,4,139,139,1,0,0,233,175,69,50,114,1,58,188743,4,65,23,62,72,7,0,0,0,50,109,65,9,1351458,6,0,0,0,0,0,0,0,0.000000,0,0,0,0,0,0,0,0,0,0,0,0,0,0,391.730939,0.000000
1761058004585,00040,111,4,139,139,1,0,0,233,175,69,50,114,1,58,188743,4,65,23,62,72,7,0,0,0,50,109,65,9,1351458,6,0,0,0,0,0,0,0,0.000000,0,0,0,0,0,0,0,0,0,0,0,0,0,0,206.930591,0.000000
1761058004585,00017,111,4,139,139,1,0,0,233,175,69,50,114,1,58,188743,4,65,23,62,72,7,0,0,0,50,109,65,9,1351458,6,210,160,68,49,93,50,185141,1.671682,3,65,22,62,58,0,0,0,0,49,109,52,0,1351458,4510.611211,7330.000000
1761058004685,00034,111,4,139,139,1,22,0,118,63,12,29,77,31,55,130819,8,4,13,38,50,5,0,50,0,7,32,27,2,1434402,5,6,4,0,0,6,2,1112,0.148929,0,0,0,0,1,5,0,0,0,0,0,4,2,0,512.054463,40.000000
1761058004685,00008,111,4,139,139,1,22,0,118,63,12,29,77,31,55,130819,8,4,13,38,50,5,0,50,0,7,32,27,2,1434402,5,0,0,0,0,0,0,0,0.000000,0,0,0,0,0,0,0,0,0,0,0,0,0,0,324.356740,0.000000
1761058004685,00031,111,4,139,139,1,22,0,118,63,12,29,77,31,55,130819,8,4,13,38,50,5,0,50,0,7,32,27,2,1434402,5,0,0,0,0,0,0,0,0.000000,0,0,0,0,0,0,0,0,0,0,0,0,0,0,372.583982,0.000000
1761058004685,00040,111,4,139,139,1,22,0,118,63,12,29,77,31,55,130819,8,4,13,38,50,5,0,50,0,7,32,27,2,1434402,5,0,0,0,0,0,0,0,0.000000,0,0,0,0,0,0,0,0,0,0,0,0,0,0,206.930591,0.000000
1761058004685,00017,111,4,139,139,1,22,0,118,63,12,29,77,31,55,130819,8,4,13,38,50,5,0,50,0,7,32,27,2,1434402,5,112,59,12,29,71,53,129707,31.548036,8,4,13,38,49,0,0,50,0,7,32,23,0,1434402,4550.120214,2300.000000
1761058004785,00034,111,4,139,139,1,44,0,385,326,23,284,78,62,59,246013,17,6,166,126,70,0,0,7,8,7,317,41,5,1385480,6,0,0,0,0,0,0,0,0.000000,0,0,0,0,0,0,0,0,0,0,0,0,0,0,512.054463,0.000000
1761058004785,00008,111,4,139,139,1,44,0,385,326,23,284,78,62,59,246013,17,6,166,126,70,0,0,7,8,7,317,41,5,1385480,6,0,0,0,0,0,0,0,0.000000,0,0,0,0,0,0,0,0,0,0,0,0,0,0,324.356740,0.000000
1761058004785,00031,111,4,139,139,1,44,0,385,326,23,284,78,62,59,246013,17,6,166,126,70,0,0,7,8,7,317,41,5,1385480,6,0,0,0,0,0,0,0,0.000000,0,0,0,0,0,0,0,0,0,0,0,0,0,0,372.583982,0.000000
1761058004785,00040,111,4,139,139,1,44,0,385,326,23,284,78,62,59,246013,17,6,166,126,70,0,0,7,8,7,317,41,5,1385480,6,0,0,0,0,0,0,0,0.000000,0,0,0,0,0,0,0,0,0,0,0,0,0,0,206.930591,0.000000
1761058004785,00017,111,4,139,139,1,44,0,385,326,23,284,78,62,59,246013,17,6,166,126,70,0,0,7,8,7,317,41,5,1385480,6,362,313,3,281,78,49,244253,62.748571,3,0,163,126,70,0,0,0,0,0,316,41,5,1384364,4634.230751,7750.000000
1761058004785,00022,111,4,139,139,1,44,0,385,326,23,284,78,62,59,246013,17,6,166,126,70,0,0,7,8,7,317,41,5,1385480,6,23,13,20,3,0,10,1760,0.054595,14,6,3,0,0,0,0,7,8,7,1,0,0,1116,473.228284,40.000000
1761058004885,00034,111,4,139,139,1,74,0,473,370,66,197,210,104,103,383139,57,9,143,197,57,10,0,45,16,3,349,56,4,1337848,6,2,2,2,0,0,0,85,0.248214,2,0,0,0,0,0,0,0,0,0,0,0,2,0,506.583746,0.000000
1761058004885,00008,111,4,139,139,1,74,0,473,370,66,197,210,104,103,383139,57,9,143,197,57,10,0,45,16,3,349,56,4,1337848,6,0,0,0,0,0,0,0,0.000000,0,0,0,0,0,0,0,0,0,0,0,0,0,0,324.356740,0.000000
1761058004885,00031,111,4,139,139,1,74,0,473,370,66,197,210,104,103,383139,57,9,143,197,57,10,0,45,16,3,349,56,4,1337848,6,0,0,0,0,0,0,0,0.000000,0,0,0,0,0,0,0,0,0,0,0,0,0,0,372.583982,0.000000
1761058004885,00040,111,4,139,139,1,74,0,473,370,66,197,210,104,103,383139,57,9,143,197,57,10,0,45,16,3,349,56,4,1337848,6,0,0,0,0,0,0,0,0.000000,0,0,0,0,0,0,0,0,0,0,0,0,0,0,206.930591,0.000000
1761058004885,00017,111,4,139,139,1,74,0,473,370,66,197,210,104,103,383139,57,9,143,197,57,10,0,45,16,3,349,56,4,1337848,6,407,339,0,197,210,68,378930,97.051786,0,0,143,197,57,10,0,0,0,0,349,56,2,1337673,4750.614478,15510.000000
1761058004885,00022,111,4,139,139,1,74,0,473,370,66,197,210,104,103,383139,57,9,143,197,57,10,0,45,16,3,349,56,4,1337848,6,64,29,64,0,0,35,4124,7.719464,55,9,0,0,0,0,0,45,16,3,0,0,0,175,498.307509,310.000000
1761058004985,00034,111,4,139,139,1,75,0,425,364,22,6,397,105,61,483191,22,0,0,274,129,0,0,12,10,0,197,206,0,1331088,7,0,0,0,0,0,0,0,0.000000,0,0,0,0,0,0,0,0,0,0,0,0,0,0,506.583746,0.000000
1761058004985,00008,111,4,139,139,1,75,0,425,364,22,6,397,105,61,483191,22,0,0,274,129,0,0,12,10,0,197,206,0,1331088,7,0,0,0,0,0,0,0,0.000000,0,0,0,0,0,0,0,0,0,0,0,0,0,0,324.356740,0.000000
1761058004985,00031,111,4,139,139,1,75,0,425,364,22,6,397,105,61,483191,22,0,0,274,129,0,0,12,10,0,197,206,0,1331088,7,0,0,0,0,0,0,0,0.000000,0,0,0,0,0,0,0,0,0,0,0,0,0,0,372.583982,0.000000
1761058004985,00040,111,4,139,139,1,75,0,425,364,22,6,397,105,61,483191,22,0,0,274,129,0,0,12,10,0,197,206,0,1331088,7,0,0,0,0,0,0,0,0.000000,0,0,0,0,0,0,0,0,0,0,0,0,0,0,206.930591,0.000000
1761058004985,00017,111,4,139,139,1,75,0,425,364,22,6,397,105,61,483191,22,0,0,274,129,0,0,12,10,0,197,206,0,1331088,7,403,350,0,6,397,53,481852,103.257143,0,0,0,274,129,0,0,0,0,0,197,206,0,1330391,4966.140455,25880.000000
1761058004985,00022,111,4,139,139,1,75,0,425,364,22,6,397,105,61,483191,22,0,0,274,129,0,0,12,10,0,197,206,0,1331088,7,21,13,21,0,0,8,1324,2.978571,21,0,0,0,0,0,0,12,9,0,0,0,0,697,496.700088,90.000000
1761058004985,00023,111,4,139,139,1,75,0,425,364,22,6,397,105,61,483191,22,0,0,274,129,0,0,12,10,0,197,206,0,1331088,7,1,1,1,0,0,0,15,0.001341,1,0,0,0,0,0,0,0,1,0,0,0,0,0,457.268979,0.000000
1761058005085,00034,111,4,139,139,1,55,0,445,358,13,132,300,77,87,359091,12,1,8,280,141,3,0,3,9,1,272,153,7,1189317,6,0,0,0,0,0,0,0,0.000000,0,0,0,0,0,0,0,0,0,0,0,0,0,0,506.583746,0.000000
1761058005085,00008,111,4,139,139,1,55,0,445,358,13,132,300,77,87,359091,12,1,8,280,141,3,0,3,9,1,272,153,7,1189317,6,0,0,0,0,0,0,0,0.000000,0,0,0,0,0,0,0,0,0,0,0,0,0,0,324.356740,0.000000
1761058005085,00031,111,4,139,139,1,55,0,445,358,13,132,300,77,87,359091,12,1,8,280,141,3,0,3,9,1,272,153,7,1189317,6,5,2,5,0,0,3,95,0.148929,5,0,0,0,0,0,0,3,2,0,0,0,0,0,372.966807,0.000000
1761058005085,00040,111,4,139,139,1,55,0,445,358,13,132,300,77,87,359091,12,1,8,280,141,3,0,3,9,1,272,153,7,1189317,6,0,0,0,0,0,0,0,0.000000,0,0,0,0,0,0,0,0,0,0,0,0,0,0,206.930591,0.000000
1761058005085,00017,111,4,139,139,1,55,0,445,358,13,132,300,77,87,359091,12,1,8,280,141,3,0,3,9,1,272,153,7,1189317,6,432,350,0,132,300,82,358791,77.964107,0,0,8,280,141,3,0,0,0,0,272,153,7,1189317,5084.797252,12990.000000
1761058005085,00023,111,4,139,139,1,55,0,445,358,13,132,300,77,87,359091,12,1,8,280,141,3,0,3,9,1,272,153,7,1189317,6,8,6,8,0,0,2,205,0.446786,7,1,0,0,0,0,0,0,7,1,0,0,0,0,445.929268,10.000000
1761058005185,00034,111,4,139,139,1,61,0,441,347,46,231,164,85,94,344936,18,28,132,156,107,0,4,0,9,11,332,85,0,1068253,6,0,0,0,0,0,0,0,0.000000,0,0,0,0,0,0,0,0,0,0,0,0,0,0,506.583746,0.000000
1761058005185,00008,111,4,139,139,1,61,0,441,347,46,231,164,85,94,344936,18,28,132,156,107,0,4,0,9,11,332,85,0,1068253,6,0,0,0,0,0,0,0,0.000000,0,0,0,0,0,0,0,0,0,0,0,0,0,0,324.356740,0.000000
1761058005185,00031,111,4,139,139,1,61,0,441,347,46,231,164,85,94,344936,18,28,132,156,107,0,4,0,9,11,332,85,0,1068253,6,10,7,10,0,0,3,359,0.719821,10,0,0,0,0,0,4,0,3,3,0,0,0,0,352.922399,20.000000
1761058005185,00040,111,4,139,139,1,61,0,441,347,46,231,164,85,94,344936,18,28,132,156,107,0,4,0,9,11,332,85,0,1068253,6,0,0,0,0,0,0,0,0.000000,0,0,0,0,0,0,0,0,0,0,0,0,0,0,206.930591,0.000000
1761058005185,00017,111,4,139,139,1,61,0,441,347,46,231,164,85,94,344936,18,28,132,156,107,0,4,0,9,11,332,85,0,1068253,6,417,328,22,231,164,89,343811,85.435357,0,22,132,156,107,0,0,0,0,0,332,85,0,1068253,5158.070260,9320.000000
1761058005185,00023,111,4,139,139,1,61,0,441,347,46,231,164,85,94,344936,18,28,132,156,107,0,4,0,9,11,332,85,0,1068253,6,14,12,14,0,0,2,766,0.868750,8,6,0,0,0,0,0,0,6,8,0,0,0,0,438.678468,60.000000
1761058005285,00034,111,4,139,139,1,70,0,441,342,290,146,5,98,99,189046,168,122,132,19,0,0,8,0,23,333,76,1,0,1186980,6,0,0,0,0,0,0,0,0.000000,0,0,0,0,0,0,0,0,0,0,0,0,0,0,506.583746,0.000000
1761058005285,00008,111,4,139,139,1,70,0,441,342,290,146,5,98,99,189046,168,122,132,19,0,0,8,0,23,333,76,1,0,1186980,6,0,0,0,0,0,0,0,0.000000,0,0,0,0,0,0,0,0,0,0,0,0,0,0,324.356740,0.000000
1761058005285,00031,111,4,139,139,1,70,0,441,342,290,146,5,98,99,189046,168,122,132,19,0,0,8,0,23,333,76,1,0,1186980,6,9,3,9,0,0,6,135,0.446786,9,0,0,0,0,0,8,0,0,1,0,0,0,0,353.087896,0.000000
1761058005285,00040,111,4,139,139,1,70,0,441,342,290,146,5,98,99,189046,168,122,132,19,0,0,8,0,23,333,76,1,0,1186980,6,0,0,0,0,0,0,0,0.000000,0,0,0,0,0,0,0,0,0,0,0,0,0,0,206.930591,0.000000
1761058005285,00017,111,4,139,139,1,70,0,441,342,290,146,5,98,99,189046,168,122,132,19,0,0,8,0,23,333,76,1,0,1186980,6,417,328,266,146,5,89,188022,98.814107,155,111,132,19,0,0,0,0,17,323,76,1,0,1186980,5235.873781,3770.000000
1761058005285,00023,111,4,139,139,1,70,0,441,342,290,146,5,98,99,189046,168,122,132,19,0,0,8,0,23,333,76,1,0,1186980,6,15,11,15,0,0,4,889,0.943214,4,11,0,0,0,0,0,0,6,9,0,0,0,0,437.040387,60.000000
1761058005385,00034,111,4,139,139,1,66,0,439,341,182,123,134,92,98,299840,26,156,78,109,70,0,0,0,10,236,154,39,0,1323220,5,0,0,0,0,0,0,0,0.000000,0,0,0,0,0,0,0,0,0,0,0,0,0,0,506.583746,0.000000
1761058005385,00008,111,4,139,139,1,66,0,439,341,182,123,134,92,98,299840,26,156,78,109,70,0,0,0,10,236,154,39,0,1323220,5,0,0,0,0,0,0,0,0.000000,0,0,0,0,0,0,0,0,0,0,0,0,0,0,324.356740,0.000000
1761058005385,00040,111,4,139,139,1,66,0,439,341,182,123,134,92,98,299840,26,156,78,109,70,0,0,0,10,236,154,39,0,1323220,5,0,0,0,0,0,0,0,0.000000,0,0,0,0,0,0,0,0,0,0,0,0,0,0,206.930591,0.000000
1761058005385,00017,111,4,139,139,1,66,0,439,341,182,123,134,92,98,299840,26,156,78,109,70,0,0,0,10,236,154,39,0,1323220,5,421,329,164,123,134,92,298703,92.360536,21,143,78,109,70,0,0,0,0,228,154,39,0,1323220,5376.296588,3030.000000
1761058005385,00023,111,4,139,139,1,66,0,439,341,182,123,134,92,98,299840,26,156,78,109,70,0,0,0,10,236,154,39,0,1323220,5,18,12,18,0,0,6,1137,0.918393,5,13,0,0,0,0,0,0,10,8,0,0,0,0,434.479139,30.000000
1761058005485,00034,111,4,139,139,1,74,0,460,337,266,172,22,104,123,209323,148,118,143,33,6,12,0,0,82,207,147,10,14,1459460,5,20,14,1,0,19,6,3385,0.521250,1,0,0,1,6,12,0,0,0,0,0,8,12,0,485.626875,50.000000
1761058005485,00008,111,4,139,139,1,74,0,460,337,266,172,22,104,123,209323,148,118,143,33,6,12,0,0,82,207,147,10,14,1459460,5,3,3,3,0,0,0,45,0.148929,3,0,0,0,0,0,0,0,0,0,0,1,2,0,319.369885,0.000000
1761058005485,00040,111,4,139,139,1,74,0,460,337,266,172,22,104,123,209323,148,118,143,33,6,12,0,0,82,207,147,10,14,1459460,5,0,0,0,0,0,0,0,0.000000,0,0,0,0,0,0,0,0,0,0,0,0,0,0,206.930591,0.000000
1761058005485,00017,111,4,139,139,1,74,0,460,337,266,172,22,104,123,209323,148,118,143,33,6,12,0,0,82,207,147,10,14,1459460,5,427,312,252,172,3,115,205274,104.547857,138,114,143,32,0,0,0,0,73,206,147,1,0,1459460,5485.283238,3450.000000
1761058005485,00023,111,4,139,139,1,74,0,460,337,266,172,22,104,123,209323,148,118,143,33,6,12,0,0,82,207,147,10,14,1459460,5,10,8,10,0,0,2,619,0.843929,6,4,0,0,0,0,0,0,9,1,0,0,0,0,430.986126,0.000000
1761058005585,00034,111,4,139,139,1,73,0,446,358,149,147,150,102,88,326233,34,115,112,104,65,16,0,0,3,177,195,56,15,1476833,4,18,12,0,0,18,6,3390,0.446786,0,0,0,0,4,14,0,0,0,0,0,8,10,0,497.467857,70.000000
1761058005585,00008,111,4,139,139,1,73,0,446,358,149,147,150,102,88,326233,34,115,112,104,65,16,0,0,3,177,195,56,15,1476833,4,5,5,1,0,4,0,741,0.148929,1,0,0,0,2,2,0,0,0,0,0,0,5,0,318.858872,10.000000
1761058005585,00017,111,4,139,139,1,73,0,446,358,149,147,150,102,88,326233,34,115,112,104,65,16,0,0,3,177,195,56,15,1476833,4,419,337,144,147,128,82,322022,102.860000,30,114,112,104,59,0,0,0,1,175,195,48,0,1476833,5614.209724,8590.000000
1761058005585,00023,111,4,139,139,1,73,0,446,358,149,147,150,102,88,326233,34,115,112,104,65,16,0,0,3,177,195,56,15,1476833,4,4,4,4,0,0,0,80,0.148929,3,1,0,0,0,0,0,0,2,2,0,0,0,0,427.583825,0.000000
1761058005685,00034,111,4,139,139,1,75,0,452,319,144,213,95,105,133,306176,55,89,123,162,10,13,0,0,15,157,255,9,16,1572514,7,17,13,0,0,17,4,3316,0.446786,0,0,0,0,4,13,0,0,0,0,0,2,15,0,519.572378,100.000000
1761058005685,00008,111,4,139,139,1,75,0,452,319,144,213,95,105,133,306176,55,89,123,162,10,13,0,0,15,157,255,9,16,1572514,7,2,2,1,0,1,0,162,0.074464,1,0,0,0,1,0,0,0,0,0,0,1,1,0,309.615852,0.000000
1761058005685,00017,111,4,139,139,1,75,0,452,319,144,213,95,105,133,306176,55,89,123,162,10,13,0,0,15,157,255,9,16,1572514,7,427,298,137,213,77,129,302469,105.491071,49,88,123,162,5,0,0,0,12,154,255,6,0,1572514,5709.003199,18860.000000
1761058005685,00023,111,4,139,139,1,75,0,452,319,144,213,95,105,133,306176,55,89,123,162,10,13,0,0,15,157,255,9,16,1572514,7,4,4,4,0,0,0,199,0.223393,3,1,0,0,0,0,0,0,1,3,0,0,0,0,427.285588,0.000000
1761058005685,00063,111,4,139,139,1,75,0,452,319,144,213,95,105,133,306176,55,89,123,162,10,13,0,0,15,157,255,9,16,1572514,7,0,0,0,0,0,0,0,0.000000,0,0,0,0,0,0,0,0,0,0,0,0,0,0,395.030347,0.000000
1761058005685,00031,111,4,139,139,1,75,0,452,319,144,213,95,105,133,306176,55,89,123,162,10,13,0,0,15,157,255,9,16,1572514,7,2,2,2,0,0,0,30,0.002256,2,0,0,0,0,0,0,0,2,0,0,0,0,0,350.601881,10.000000
1761058005685,00040,111,4,139,139,1,75,0,452,319,144,213,95,105,133,306176,55,89,123,162,10,13,0,0,15,157,255,9,16,1572514,7,0,0,0,0,0,0,0,0.000000,0,0,0,0,0,0,0,0,0,0,0,0,0,0,206.930591,0.000000
1761058005785,00034,111,4,139,139,1,60,0,483,334,283,77,123,84,149,217401,80,203,51,104,37,8,9,3,4,300,108,39,20,1698274,7,15,11,0,0,15,4,2792,0.397143,0,0,0,0,8,7,0,0,0,0,0,0,15,0,549.137489,80.000000
1761058005785,00008,111,4,139,139,1,60,0,483,334,283,77,123,84,149,217401,80,203,51,104,37,8,9,3,4,300,108,39,20,1698274,7,6,6,4,0,2,0,414,0.223393,4,0,0,0,1,1,0,0,0,0,0,1,5,0,301.682532,0.000000
1761058005785,00017,111,4,139,139,1,60,0,483,334,283,77,123,84,149,217401,80,203,51,104,37,8,9,3,4,300,108,39,20,1698274,7,439,303,256,77,106,136,213179,84.814821,63,193,51,104,28,0,0,0,0,293,108,38,0,1698274,5808.260296,7860.000000
1761058005785,00023,111,4,139,139,1,60,0,483,334,283,77,123,84,149,217401,80,203,51,104,37,8,9,3,4,300,108,39,20,1698274,7,7,4,7,0,0,3,105,0.347500,7,0,0,0,0,0,4,0,1,2,0,0,0,0,424.151361,0.000000
1761058005785,00063,111,4,139,139,1,60,0,483,334,283,77,123,84,149,217401,80,203,51,104,37,8,9,3,4,300,108,39,20,1698274,7,0,0,0,0,0,0,0,0.000000,0,0,0,0,0,0,0,0,0,0,0,0,0,0,395.030347,0.000000
1761058005785,00031,111,4,139,139,1,60,0,483,334,283,77,123,84,149,217401,80,203,51,104,37,8,9,3,4,300,108,39,20,1698274,7,16,10,16,0,0,6,911,0.943214,6,10,0,0,0,0,5,3,3,5,0,0,0,0,369.919123,70.000000
1761058005785,00040,111,4,139,139,1,60,0,483,334,283,77,123,84,149,217401,80,203,51,104,37,8,9,3,4,300,108,39,20,1698274,7,0,0,0,0,0,0,0,0.000000,0,0,0,0,0,0,0,0,0,0,0,0,0,0,206.930591,0.000000
1761058005885,00034,111,4,139,139,1,76,0,457,333,272,135,50,106,124,187725,226,46,87,73,10,15,0,0,189,117,124,7,20,1827964,6,19,15,0,0,19,4,3719,0.471607,0,0,0,0,4,15,0,0,0,0,0,0,19,0,556.382678,100.000000
1761058005885,00008,111,4,139,139,1,76,0,457,333,272,135,50,106,124,187725,226,46,87,73,10,15,0,0,189,117,124,7,20,1827964,6,5,3,0,0,5,2,850,0.124107,0,0,0,0,5,0,0,0,0,0,0,4,1,0,302.172650,0.000000
1761058005885,00017,111,4,139,139,1,76,0,457,333,272,135,50,106,124,187725,226,46,87,73,10,15,0,0,189,117,124,7,20,1827964,6,428,310,267,135,26,118,182891,106.434286,222,45,87,73,1,0,0,0,187,114,124,3,0,1827964,5894.468033,1880.000000
1761058005885,00063,111,4,139,139,1,76,0,457,333,272,135,50,106,124,187725,226,46,87,73,10,15,0,0,189,117,124,7,20,1827964,6,0,0,0,0,0,0,0,0.000000,0,0,0,0,0,0,0,0,0,0,0,0,0,0,395.030347,0.000000
1761058005885,00031,111,4,139,139,1,76,0,457,333,272,135,50,106,124,187725,226,46,87,73,10,15,0,0,189,117,124,7,20,1827964,6,5,5,5,0,0,0,265,0.322679,4,1,0,0,0,0,0,0,2,3,0,0,0,0,374.161782,30.000000
1761058005885,00040,111,4,139,139,1,76,0,457,333,272,135,50,106,124,187725,226,46,87,73,10,15,0,0,189,117,124,7,20,1827964,6,0,0,0,0,0,0,0,0.000000,0,0,0,0,0,0,0,0,0,0,0,0,0,0,206.930591,0.000000
1761058005985,00034,111,4,139,139,1,75,0,433,327,143,183,107,105,106,320149,105,38,112,123,55,0,0,1,15,127,229,60,1,1754059,6,0,0,0,0,0,0,0,0.000000,0,0,0,0,0,0,0,0,0,0,0,0,0,0,548.043371,0.000000
1761058005985,00008,111,4,139,139,1,75,0,433,327,143,183,107,105,106,320149,105,38,112,123,55,0,0,1,15,127,229,60,1,1754059,6,6,6,4,0,2,0,409,0.397143,4,0,0,0,2,0,0,0,0,0,0,5,1,0,300.977080,10.000000
1761058005985,00017,111,4,139,139,1,75,0,433,327,143,183,107,105,106,320149,105,38,112,123,55,0,0,1,15,127,229,60,1,1754059,6,423,317,135,183,105,106,319680,105.540714,97,38,112,123,53,0,0,0,13,126,229,55,0,1754059,5951.830773,10060.000000
1761058005985,00063,111,4,139,139,1,75,0,433,327,143,183,107,105,106,320149,105,38,112,123,55,0,0,1,15,127,229,60,1,1754059,6,0,0,0,0,0,0,0,0.000000,0,0,0,0,0,0,0,0,0,0,0,0,0,0,395.030347,0.000000
1761058005985,00031,111,4,139,139,1,75,0,433,327,143,183,107,105,106,320149,105,38,112,123,55,0,0,1,15,127,229,60,1,1754059,6,4,4,4,0,0,0,60,0.198571,4,0,0,0,0,0,0,1,2,1,0,0,0,0,371.055731,0.000000
1761058005985,00040,111,4,139,139,1,75,0,433,327,143,183,107,105,106,320149,105,38,112,123,55,0,0,1,15,127,229,60,1,1754059,6,0,0,0,0,0,0,0,0.000000,0,0,0,0,0,0,0,0,0,0,0,0,0,0,206.930591,0.000000
1761058006085,00034,111,4,139,139,1,74,0,427,346,352,71,4,103,81,139769,233,119,55,20,0,0,0,0,143,238,40,5,1,1791993,6,2,2,2,0,0,0,85,0.248214,2,0,0,0,0,0,0,0,0,0,0,1,1,0,545.463398,0.000000
1761058006085,00008,111,4,139,139,1,74,0,427,346,352,71,4,103,81,139769,233,119,55,20,0,0,0,0,143,238,40,5,1,1791993,6,3,3,3,0,0,0,100,0.297857,3,0,0,0,0,0,0,0,0,0,0,3,0,0,297.606166,0.000000
1761058006085,00017,111,4,139,139,1,74,0,427,346,352,71,4,103,81,139769,233,119,55,20,0,0,0,0,143,238,40,5,1,1791993,6,415,334,340,71,4,81,139293,103.728750,224,116,55,20,0,0,0,0,140,234,40,1,0,1791993,5893.079611,3560.000000
1761058006085,00063,111,4,139,139,1,74,0,427,346,352,71,4,103,81,139769,233,119,55,20,0,0,0,0,143,238,40,5,1,1791993,6,0,0,0,0,0,0,0,0.000000,0,0,0,0,0,0,0,0,0,0,0,0,0,0,395.030347,0.000000
1761058006085,00031,111,4,139,139,1,74,0,427,346,352,71,4,103,81,139769,233,119,55,20,0,0,0,0,143,238,40,5,1,1791993,6,7,7,7,0,0,0,291,0.347500,4,3,0,0,0,0,0,0,3,4,0,0,0,0,364.810591,10.000000
1761058006085,00040,111,4,139,139,1,74,0,427,346,352,71,4,103,81,139769,233,119,55,20,0,0,0,0,143,238,40,5,1,1791993,6,0,0,0,0,0,0,0,0.000000,0,0,0,0,0,0,0,0,0,0,0,0,0,0,206.930591,0.000000
1761058006185,00034,111,4,139,139,1,48,0,439,383,371,46,22,67,56,104288,214,157,21,40,7,0,0,1,102,288,41,7,0,1909498,5,0,0,0,0,0,0,0,0.000000,0,0,0,0,0,0,0,0,0,0,0,0,0,0,545.463398,0.000000
1761058006185,00008,111,4,139,139,1,48,0,439,383,371,46,22,67,56,104288,214,157,21,40,7,0,0,1,102,288,41,7,0,1909498,5,6,4,2,1,3,2,615,0.223393,2,0,1,0,3,0,0,0,0,0,2,4,0,0,299.972966,0.000000
1761058006185,00017,111,4,139,139,1,48,0,439,383,371,46,22,67,56,104288,214,157,21,40,7,0,0,1,102,288,41,7,0,1909498,5,418,368,356,44,18,50,102865,67.489464,203,153,19,39,4,0,0,0,95,284,36,3,0,1908867,5936.628845,8900.000000
1761058006185,00031,111,4,139,139,1,48,0,439,383,371,46,22,67,56,104288,214,157,21,40,7,0,0,1,102,288,41,7,0,1909498,5,11,7,11,0,0,4,605,0.719821,7,4,0,0,0,0,0,1,6,4,0,0,0,631,381.482691,70.000000
1761058006185,00040,111,4,139,139,1,48,0,439,383,371,46,22,67,56,104288,214,157,21,40,7,0,0,1,102,288,41,7,0,1909498,5,4,4,2,1,1,0,203,0.148929,2,0,1,1,0,0,0,0,1,0,3,0,0,0,214.500668,0.000000
1761058006285,00034,111,4,139,139,1,55,0,495,382,406,71,18,77,113,108757,354,52,67,9,13,0,0,7,17,395,66,8,2,2056897,5,0,0,0,0,0,0,0,0.000000,0,0,0,0,0,0,0,0,0,0,0,0,0,0,545.463398,0.000000
1761058006285,00008,111,4,139,139,1,55,0,495,382,406,71,18,77,113,108757,354,52,67,9,13,0,0,7,17,395,66,8,2,2056897,5,8,4,1,0,7,4,1090,0.223393,1,0,0,0,7,0,0,0,0,0,3,3,2,0,302.479264,10.000000
1761058006285,00017,111,4,139,139,1,55,0,495,382,406,71,18,77,113,108757,354,52,67,9,13,0,0,7,17,395,66,8,2,2056897,5,442,345,372,62,8,97,103822,74.811786,333,39,58,9,3,0,0,0,6,374,60,2,0,2056897,6003.234841,3030.000000
1761058006285,00031,111,4,139,139,1,55,0,495,382,406,71,18,77,113,108757,354,52,67,9,13,0,0,7,17,395,66,8,2,2056897,5,39,29,30,9,0,10,3363,3.053036,17,13,9,0,0,0,0,7,11,21,0,0,0,0,420.603594,150.000000
1761058006285,00040,111,4,139,139,1,55,0,495,382,406,71,18,77,113,108757,354,52,67,9,13,0,0,7,17,395,66,8,2,2056897,5,6,4,3,0,3,2,482,0.173750,3,0,0,0,3,0,0,0,0,0,3,3,0,0,205.792728,10.000000
1761058006385,00034,111,4,139,139,1,25,0,158,107,137,12,9,35,51,39303,86,51,11,4,6,0,6,7,81,55,7,2,0,2193137,6,0,0,0,0,0,0,0,0.000000,0,0,0,0,0,0,0,0,0,0,0,0,0,0,545.463398,0.000000
1761058006385,00008,111,4,139,139,1,25,0,158,107,137,12,9,35,51,39303,86,51,11,4,6,0,6,7,81,55,7,2,0,2193137,6,6,4,2,1,3,2,560,0.198571,2,0,0,1,3,0,0,0,0,0,5,1,0,0,301.529288,0.000000
1761058006385,00017,111,4,139,139,1,25,0,158,107,137,12,9,35,51,39303,86,51,11,4,6,0,6,7,81,55,7,2,0,2193137,6,129,91,118,11,0,38,36469,33.533750,73,45,11,0,0,0,0,0,80,49,0,0,0,2193137,6030.658233,1460.000000
1761058006385,00031,111,4,139,139,1,25,0,158,107,137,12,9,35,51,39303,86,51,11,4,6,0,6,7,81,55,7,2,0,2193137,6,18,9,15,0,3,9,1719,2.904107,10,5,0,3,0,0,6,7,1,2,2,0,0,0,432.168304,70.000000
1761058006385,00040,111,4,139,139,1,25,0,158,107,137,12,9,35,51,39303,86,51,11,4,6,0,6,7,81,55,7,2,0,2193137,6,5,3,2,0,3,2,555,0.148929,1,1,0,0,3,0,0,0,0,4,0,1,0,0,206.739003,0.000000
1761058006385,00063,111,4,139,139,1,25,0,158,107,137,12,9,35,51,39303,86,51,11,4,6,0,6,7,81,55,7,2,0,2193137,6,0,0,0,0,0,0,0,0.000000,0,0,0,0,0,0,0,0,0,0,0,0,0,0,395.030347,0.000000
1761058006485,00034,111,4,139,139,1,71,0,364,291,357,5,2,100,73,96735,239,118,5,1,1,0,0,0,175,179,7,3,0,2318897,5,0,0,0,0,0,0,0,0.000000,0,0,0,0,0,0,0,0,0,0,0,0,0,0,545.463398,0.000000
1761058006485,00008,111,4,139,139,1,71,0,364,291,357,5,2,100,73,96735,239,118,5,1,1,0,0,0,175,179,7,3,0,2318897,5,7,5,2,3,2,2,539,0.223393,1,1,3,1,1,0,0,0,0,0,5,2,0,0,302.178203,10.000000
1761058006485,00017,111,4,139,139,1,71,0,364,291,357,5,2,100,73,96735,239,118,5,1,1,0,0,0,175,179,7,3,0,2318897,5,355,284,353,2,0,71,96166,100.675714,236,117,2,0,0,0,0,0,175,179,1,0,0,2318897,6089.609227,3140.000000
1761058006485,00040,111,4,139,139,1,71,0,364,291,357,5,2,100,73,96735,239,118,5,1,1,0,0,0,175,179,7,3,0,2318897,5,2,2,2,0,0,0,30,0.099286,2,0,0,0,0,0,0,0,0,0,1,1,0,0,204.789410,0.000000
1761058006485,00063,111,4,139,139,1,71,0,364,291,357,5,2,100,73,96735,239,118,5,1,1,0,0,0,175,179,7,3,0,2318897,5,0,0,0,0,0,0,0,0.000000,0,0,0,0,0,0,0,0,0,0,0,0,0,0,395.030347,0.000000
1761058006585,00034,111,4,139,139,1,0,0,204,167,6,155,43,1,37,178278,5,1,132,53,13,0,0,0,0,3,189,12,0,4064554,5,0,0,0,0,0,0,0,0.000000,0,0,0,0,0,0,0,0,0,0,0,0,0,0,545.463398,0.000000
1761058006585,00008,111,4,139,139,1,0,0,204,167,6,155,43,1,37,178278,5,1,132,53,13,0,0,0,0,3,189,12,0,4064554,5,4,4,2,2,0,0,244,0.173750,2,0,2,0,0,0,0,0,0,1,3,0,0,0,304.501299,0.000000
1761058006585,00040,111,4,139,139,1,0,0,204,167,6,155,43,1,37,178278,5,1,132,53,13,0,0,0,0,3,189,12,0,4064554,5,0,0,0,0,0,0,0,0.000000,0,0,0,0,0,0,0,0,0,0,0,0,0,0,204.789410,0.000000
1761058006585,00063,111,4,139,139,1,0,0,204,167,6,155,43,1,37,178278,5,1,132,53,13,0,0,0,0,3,189,12,0,4064554,5,0,0,0,0,0,0,0,0.000000,0,0,0,0,0,0,0,0,0,0,0,0,0,0,395.030347,0.000000
1761058006585,00053,111,4,139,139,1,0,0,204,167,6,155,43,1,37,178278,5,1,132,53,13,0,0,0,0,3,189,12,0,4064554,5,200,163,4,153,43,37,178034,1.005360,3,1,130,53,13,0,0,0,0,2,186,12,0,4064554,4684.446853,5440.000000
1761058006685,00034,111,4,139,139,1,81,0,416,345,123,288,5,113,71,277891,5,118,267,26,0,0,0,0,2,196,217,1,0,3996894,5,0,0,0,0,0,0,0,0.000000,0,0,0,0,0,0,0,0,0,0,0,0,0,0,545.463398,0.000000
1761058006685,00008,111,4,139,139,1,81,0,416,345,123,288,5,113,71,277891,5,118,267,26,0,0,0,0,2,196,217,1,0,3996894,5,6,4,3,0,3,2,423,0.322679,3,0,0,3,0,0,0,0,2,1,3,0,0,0,303.056098,10.000000
1761058006685,00040,111,4,139,139,1,81,0,416,345,123,288,5,113,71,277891,5,118,267,26,0,0,0,0,2,196,217,1,0,3996894,5,2,2,2,0,0,0,85,0.248214,2,0,0,0,0,0,0,0,0,0,1,1,0,0,207.162867,0.000000
1761058006685,00063,111,4,139,139,1,81,0,416,345,123,288,5,113,71,277891,5,118,267,26,0,0,0,0,2,196,217,1,0,3996894,5,0,0,0,0,0,0,0,0.000000,0,0,0,0,0,0,0,0,0,0,0,0,0,0,395.030347,0.000000
1761058006685,00053,111,4,139,139,1,81,0,416,345,123,288,5,113,71,277891,5,118,267,26,0,0,0,0,2,196,217,1,0,3996894,5,408,339,118,288,2,69,277383,113.111250,0,118,267,23,0,0,0,0,0,195,213,0,0,3996894,4746.298066,8480.000000
1761058006785,00034,111,4,139,139,1,81,0,415,332,356,55,4,113,83,160843,144,212,55,4,0,0,0,0,108,285,22,0,0,4042424,5,0,0,0,0,0,0,0,0.000000,0,0,0,0,0,0,0,0,0,0,0,0,0,0,545.463398,0.000000
1761058006785,00008,111,4,139,139,1,81,0,415,332,356,55,4,113,83,160843,144,212,55,4,0,0,0,0,108,285,22,0,0,4042424,5,10,5,3,3,4,5,746,0.347500,3,0,3,4,0,0,0,0,0,7,3,0,0,0,302.258601,0.000000
1761058006785,00040,111,4,139,139,1,81,0,415,332,356,55,4,113,83,160843,144,212,55,4,0,0,0,0,108,285,22,0,0,4042424,5,0,0,0,0,0,0,0,0.000000,0,0,0,0,0,0,0,0,0,0,0,0,0,0,207.162867,0.000000
1761058006785,00063,111,4,139,139,1,81,0,415,332,356,55,4,113,83,160843,144,212,55,4,0,0,0,0,108,285,22,0,0,4042424,5,0,0,0,0,0,0,0,0.000000,0,0,0,0,0,0,0,0,0,0,0,0,0,0,395.030347,0.000000
1761058006785,00053,111,4,139,139,1,81,0,415,332,356,55,4,113,83,160843,144,212,55,4,0,0,0,0,108,285,22,0,0,4042424,5,405,327,353,52,0,78,160097,113.185714,141,212,52,0,0,0,0,0,108,278,19,0,0,4042424,4751.357425,3240.000000
1761058006885,00034,111,4,139,139,1,79,0,418,356,116,299,3,111,62,294179,12,104,248,54,0,0,0,0,8,50,360,0,0,4186524,5,0,0,0,0,0,0,0,0.000000,0,0,0,0,0,0,0,0,0,0,0,0,0,0,545.463398,0.000000
1761058006885,00008,111,4,139,139,1,79,0,418,356,116,299,3,111,62,294179,12,104,248,54,0,0,0,0,8,50,360,0,0,4186524,5,9,7,9,0,0,2,483,0.595714,5,4,0,0,0,0,0,0,5,2,2,0,0,0,300.497672,10.000000
1761058006885,00040,111,4,139,139,1,79,0,418,356,116,299,3,111,62,294179,12,104,248,54,0,0,0,0,8,50,360,0,0,4186524,5,0,0,0,0,0,0,0,0.000000,0,0,0,0,0,0,0,0,0,0,0,0,0,0,207.162867,0.000000
1761058006885,00063,111,4,139,139,1,79,0,418,356,116,299,3,111,62,294179,12,104,248,54,0,0,0,0,8,50,360,0,0,4186524,5,0,0,0,0,0,0,0,0.000000,0,0,0,0,0,0,0,0,0,0,0,0,0,0,395.030347,0.000000
1761058006885,00053,111,4,139,139,1,79,0,418,356,116,299,3,111,62,294179,12,104,248,54,0,0,0,0,8,50,360,0,0,4186524,5,409,349,107,299,3,60,293696,111.770893,7,100,248,54,0,0,0,0,3,48,358,0,0,4186524,4904.134529,15720.000000
1761058006985,00034,111,4,139,139,1,84,0,400,346,129,271,0,118,54,278824,0,129,260,11,0,0,0,0,0,253,147,0,0,4237292,5,0,0,0,0,0,0,0,0.000000,0,0,0,0,0,0,0,0,0,0,0,0,0,0,545.463398,0.000000
1761058006985,00008,111,4,139,139,1,84,0,400,346,129,271,0,118,54,278824,0,129,260,11,0,0,0,0,0,253,147,0,0,4237292,5,0,0,0,0,0,0,0,0.000000,0,0,0,0,0,0,0,0,0,0,0,0,0,0,300.497672,0.000000
1761058006985,00040,111,4,139,139,1,84,0,400,346,129,271,0,118,54,278824,0,129,260,11,0,0,0,0,0,253,147,0,0,4237292,5,0,0,0,0,0,0,0,0.000000,0,0,0,0,0,0,0,0,0,0,0,0,0,0,207.162867,0.000000
1761058006985,00063,111,4,139,139,1,84,0,400,346,129,271,0,118,54,278824,0,129,260,11,0,0,0,0,0,253,147,0,0,4237292,5,0,0,0,0,0,0,0,0.000000,0,0,0,0,0,0,0,0,0,0,0,0,0,0,395.030347,0.000000
1761058006985,00053,111,4,139,139,1,84,0,400,346,129,271,0,118,54,278824,0,129,260,11,0,0,0,0,0,253,147,0,0,4237292,5,400,346,129,271,0,54,278824,118.423036,0,129,260,11,0,0,0,0,0,253,147,0,0,4237292,5010.994242,9430.000000
1761058007085,00034,111,4,139,139,1,84,0,400,346,207,191,2,117,54,248328,38,169,177,14,2,0,0,0,2,285,113,0,0,4170718,5,0,0,0,0,0,0,0,0.000000,0,0,0,0,0,0,0,0,0,0,0,0,0,0,545.463398,0.000000
1761058007085,00008,111,4,139,139,1,84,0,400,346,207,191,2,117,54,248328,38,169,177,14,2,0,0,0,2,285,113,0,0,4170718,5,0,0,0,0,0,0,0,0.000000,0,0,0,0,0,0,0,0,0,0,0,0,0,0,300.497672,0.000000
1761058007085,00040,111,4,139,139,1,84,0,400,346,207,191,2,117,54,248328,38,169,177,14,2,0,0,0,2,285,113,0,0,4170718,5,0,0,0,0,0,0,0,0.000000,0,0,0,0,0,0,0,0,0,0,0,0,0,0,207.162867,0.000000
1761058007085,00063,111,4,139,139,1,84,0,400,346,207,191,2,117,54,248328,38,169,177,14,2,0,0,0,2,285,113,0,0,4170718,5,0,0,0,0,0,0,0,0.000000,0,0,0,0,0,0,0,0,0,0,0,0,0,0,395.030347,0.000000
1761058007085,00053,111,4,139,139,1,84,0,400,346,207,191,2,117,54,248328,38,169,177,14,2,0,0,0,2,285,113,0,0,4170718,5,400,346,207,191,2,54,248328,117.703214,38,169,177,14,2,0,0,0,2,285,113,0,0,4170718,5038.544438,8480.000000
1761058007185,00034,111,4,139,139,1,84,0,400,353,191,199,10,118,47,273028,0,191,176,33,0,0,0,0,0,103,297,0,0,4256335,5,0,0,0,0,0,0,0,0.000000,0,0,0,0,0,0,0,0,0,0,0,0,0,0,545.463398,0.000000
1761058007185,00008,111,4,139,139,1,84,0,400,353,191,199,10,118,47,273028,0,191,176,33,0,0,0,0,0,103,297,0,0,4256335,5,0,0,0,0,0,0,0,0.000000,0,0,0,0,0,0,0,0,0,0,0,0,0,0,300.497672,0.000000
1761058007185,00040,111,4,139,139,1,84,0,400,353,191,199,10,118,47,273028,0,191,176,33,0,0,0,0,0,103,297,0,0,4256335,5,0,0,0,0,0,0,0,0.000000,0,0,0,0,0,0,0,0,0,0,0,0,0,0,207.162867,0.000000
1761058007185,00063,111,4,139,139,1,84,0,400,353,191,199,10,118,47,273028,0,191,176,33,0,0,0,0,0,103,297,0,0,4256335,5,0,0,0,0,0,0,0,0.000000,0,0,0,0,0,0,0,0,0,0,0,0,0,0,395.030347,0.000000
1761058007185,00053,111,4,139,139,1,84,0,400,353,191,199,10,118,47,273028,0,191,176,33,0,0,0,0,0,103,297,0,0,4256335,5,400,353,191,199,10,47,273028,118.150000,0,191,176,33,0,0,0,0,0,103,297,0,0,4256335,5103.621320,12470.000000
1761058007285,00034,111,4,139,139,1,83,0,410,341,23,264,123,116,69,392925,1,22,218,116,53,0,0,0,0,11,317,80,2,4308860,5,0,0,0,0,0,0,0,0.000000,0,0,0,0,0,0,0,0,0,0,0,0,0,0,545.463398,0.000000
1761058007285,00008,111,4,139,139,1,83,0,410,341,23,264,123,116,69,392925,1,22,218,116,53,0,0,0,0,11,317,80,2,4308860,5,0,0,0,0,0,0,0,0.000000,0,0,0,0,0,0,0,0,0,0,0,0,0,0,300.497672,0.000000
1761058007285,00040,111,4,139,139,1,83,0,410,341,23,264,123,116,69,392925,1,22,218,116,53,0,0,0,0,11,317,80,2,4308860,5,0,0,0,0,0,0,0,0.000000,0,0,0,0,0,0,0,0,0,0,0,0,0,0,207.162867,0.000000
1761058007285,00063,111,4,139,139,1,83,0,410,341,23,264,123,116,69,392925,1,22,218,116,53,0,0,0,0,11,317,80,2,4308860,5,3,3,1,0,2,0,355,0.099286,1,0,0,0,2,0,0,0,0,0,0,1,2,0,393.453902,0.000000
1761058007285,00053,111,4,139,139,1,83,0,410,341,23,264,123,116,69,392925,1,22,218,116,53,0,0,0,0,11,317,80,2,4308860,5,407,338,22,264,121,69,392570,116.089821,0,22,218,116,51,0,0,0,0,11,317,79,0,4308860,5265.135818,17920.000000
1761058007385,00034,111,4,139,139,1,65,0,598,419,160,66,372,91,179,520924,160,0,28,92,297,21,0,8,151,1,127,258,53,10534280,6,0,0,0,0,0,0,0,0.000000,0,0,0,0,0,0,0,0,0,0,0,0,0,0,545.463398,0.000000
1761058007385,00008,111,4,139,139,1,65,0,598,419,160,66,372,91,179,520924,160,0,28,92,297,21,0,8,151,1,127,258,53,10534280,6,0,0,0,0,0,0,0,0.000000,0,0,0,0,0,0,0,0,0,0,0,0,0,0,300.497672,0.000000
1761058007385,00040,111,4,139,139,1,65,0,598,419,160,66,372,91,179,520924,160,0,28,92,297,21,0,8,151,1,127,258,53,10534280,6,0,0,0,0,0,0,0,0.000000,0,0,0,0,0,0,0,0,0,0,0,0,0,0,207.162867,0.000000
1761058007385,00063,111,4,139,139,1,65,0,598,419,160,66,372,91,179,520924,160,0,28,92,297,21,0,8,151,1,127,258,53,10534280,6,11,7,0,1,10,4,1775,0.297857,0,0,1,0,7,3,0,0,0,0,4,3,4,0,390.941233,40.000000
1761058007385,00053,111,4,139,139,1,65,0,598,419,160,66,372,91,179,520924,160,0,28,92,297,21,0,8,151,1,127,258,53,10534280,6,427,300,0,65,362,127,507013,91.665536,0,0,27,92,290,18,0,0,0,0,123,255,49,4091476,5413.334349,5340.000000
1761058007385,00025,111,4,139,139,1,65,0,598,419,160,66,372,91,179,520924,160,0,28,92,297,21,0,8,151,1,127,258,53,10534280,6,160,112,160,0,0,48,12136,0.348678,160,0,0,0,0,0,0,8,151,1,0,0,0,6442804,3327.641458,2410.000000
1761058007485,00034,111,4,139,139,1,79,0,851,632,393,242,216,110,219,291952,376,17,118,185,149,6,0,0,378,10,310,144,9,10659643,6,0,0,0,0,0,0,0,0.000000,0,0,0,0,0,0,0,0,0,0,0,0,0,0,545.463398,0.000000
1761058007485,00008,111,4,139,139,1,79,0,851,632,393,242,216,110,219,291952,376,17,118,185,149,6,0,0,378,10,310,144,9,10659643,6,0,0,0,0,0,0,0,0.000000,0,0,0,0,0,0,0,0,0,0,0,0,0,0,300.497672,0.000000
1761058007485,00040,111,4,139,139,1,79,0,851,632,393,242,216,110,219,291952,376,17,118,185,149,6,0,0,378,10,310,144,9,10659643,6,0,0,0,0,0,0,0,0.000000,0,0,0,0,0,0,0,0,0,0,0,0,0,0,207.162867,0.000000
1761058007485,00063,111,4,139,139,1,79,0,851,632,393,242,216,110,219,291952,376,17,118,185,149,6,0,0,378,10,310,144,9,10659643,6,19,11,0,3,16,8,2581,0.471607,0,0,2,1,16,0,0,0,0,0,9,10,0,0,386.502327,50.000000
1761058007485,00053,111,4,139,139,1,79,0,851,632,393,242,216,110,219,291952,376,17,118,185,149,6,0,0,378,10,310,144,9,10659643,6,444,305,5,239,200,139,249157,59.521786,0,5,116,184,133,6,0,0,0,0,301,134,9,4104442,5418.460597,5030.000000
1761058007485,00025,111,4,139,139,1,79,0,851,632,393,242,216,110,219,291952,376,17,118,185,149,6,0,0,378,10,310,144,9,10659643,6,388,316,388,0,0,72,40214,51.777500,376,12,0,0,0,0,0,0,378,10,0,0,0,6555201,3281.830928,4400.000000
1761058007585,00034,111,4,139,139,1,77,0,848,678,509,228,111,108,170,231803,284,225,136,134,66,3,0,0,228,363,221,35,1,10873478,7,0,0,0,0,0,0,0,0.000000,0,0,0,0,0,0,0,0,0,0,0,0,0,0,545.463398,0.000000
1761058007585,00008,111,4,139,139,1,77,0,848,678,509,228,111,108,170,231803,284,225,136,134,66,3,0,0,228,363,221,35,1,10873478,7,1,1,1,0,0,0,15,0.049643,1,0,0,0,0,0,0,0,0,0,0,1,0,0,300.602484,0.000000
1761058007585,00040,111,4,139,139,1,77,0,848,678,509,228,111,108,170,231803,284,225,136,134,66,3,0,0,228,363,221,35,1,10873478,7,0,0,0,0,0,0,0,0.000000,0,0,0,0,0,0,0,0,0,0,0,0,0,0,207.162867,0.000000
1761058007585,00063,111,4,139,139,1,77,0,848,678,509,228,111,108,170,231803,284,225,136,134,66,3,0,0,228,363,221,35,1,10873478,7,13,7,1,5,7,6,1410,0.372321,0,1,2,4,6,0,0,0,0,2,8,3,0,0,385.695970,30.000000
1761058007585,00053,111,4,139,139,1,77,0,848,678,509,228,111,108,170,231803,284,225,136,134,66,3,0,0,228,363,221,35,1,10873478,7,434,330,107,223,104,104,177700,56.716964,0,107,134,130,60,3,0,0,0,189,213,31,1,4235442,5517.527330,14560.000000
1761058007585,00025,111,4,139,139,1,77,0,848,678,509,228,111,108,170,231803,284,225,136,134,66,3,0,0,228,363,221,35,1,10873478,7,400,340,400,0,0,60,52678,52.000893,283,117,0,0,0,0,0,0,228,172,0,0,0,6638036,3239.828823,5440.000000
1761058007585,00032,111,4,139,139,1,77,0,848,678,509,228,111,108,170,231803,284,225,136,134,66,3,0,0,228,363,221,35,1,10873478,7,0,0,0,0,0,0,0,0.000000,0,0,0,0,0,0,0,0,0,0,0,0,0,0,299.051518,0.000000
1761058007685,00034,111,4,139,139,1,77,0,506,383,330,144,32,108,123,212929,59,271,134,26,13,3,0,21,46,234,194,11,0,11120317,7,0,0,0,0,0,0,0,0.000000,0,0,0,0,0,0,0,0,0,0,0,0,0,0,545.463398,0.000000
1761058007685,00008,111,4,139,139,1,77,0,506,383,330,144,32,108,123,212929,59,271,134,26,13,3,0,21,46,234,194,11,0,11120317,7,7,5,2,2,3,2,851,0.248214,1,1,1,1,0,3,0,0,0,2,5,0,0,0,300.911750,10.000000
1761058007685,00040,111,4,139,139,1,77,0,506,383,330,144,32,108,123,212929,59,271,134,26,13,3,0,21,46,234,194,11,0,11120317,7,3,3,1,0,2,0,221,0.099286,1,0,0,2,0,0,0,0,0,0,2,1,0,0,212.279479,0.000000
1761058007685,00063,111,4,139,139,1,77,0,506,383,330,144,32,108,123,212929,59,271,134,26,13,3,0,21,46,234,194,11,0,11120317,7,14,8,0,2,12,6,1881,0.347500,0,0,1,3,10,0,0,0,0,0,6,8,0,0,385.977045,50.000000
1761058007685,00053,111,4,139,139,1,77,0,506,383,330,144,32,108,123,212929,59,271,134,26,13,3,0,21,46,234,194,11,0,11120317,7,407,322,252,140,15,85,201898,99.136786,0,252,132,20,3,0,0,0,0,224,181,2,0,4367752,5617.688236,12890.000000
1761058007685,00025,111,4,139,139,1,77,0,506,383,330,144,32,108,123,212929,59,271,134,26,13,3,0,21,46,234,194,11,0,11120317,7,75,45,75,0,0,30,8078,9.878929,57,18,0,0,0,0,0,21,46,8,0,0,0,6752565,3256.343848,4610.000000
1761058007685,00032,111,4,139,139,1,77,0,506,383,330,144,32,108,123,212929,59,271,134,26,13,3,0,21,46,234,194,11,0,11120317,7,0,0,0,0,0,0,0,0.000000,0,0,0,0,0,0,0,0,0,0,0,0,0,0,299.051518,0.000000
1761058007785,00034,111,4,139,139,1,75,0,452,344,194,251,7,105,108,253400,24,170,235,22,1,0,0,15,2,248,185,2,0,11391241,7,0,0,0,0,0,0,0,0.000000,0,0,0,0,0,0,0,0,0,0,0,0,0,0,545.463398,0.000000
1761058007785,00008,111,4,139,139,1,75,0,452,344,194,251,7,105,108,253400,24,170,235,22,1,0,0,15,2,248,185,2,0,11391241,7,0,0,0,0,0,0,0,0.000000,0,0,0,0,0,0,0,0,0,0,0,0,0,0,300.911750,0.000000
1761058007785,00040,111,4,139,139,1,75,0,452,344,194,251,7,105,108,253400,24,170,235,22,1,0,0,15,2,248,185,2,0,11391241,7,4,4,4,0,0,0,115,0.347500,4,0,0,0,0,0,0,0,0,0,3,1,0,0,212.865206,0.000000
1761058007785,00063,111,4,139,139,1,75,0,452,344,194,251,7,105,108,253400,24,170,235,22,1,0,0,15,2,248,185,2,0,11391241,7,12,10,2,6,4,2,1095,0.397143,1,1,2,8,0,0,0,0,0,2,10,0,0,0,386.634101,30.000000
1761058007785,00053,111,4,139,139,1,75,0,452,344,194,251,7,105,108,253400,24,170,235,22,1,0,0,15,2,248,185,2,0,11391241,7,419,322,171,245,3,97,251542,104.771250,2,169,233,14,1,0,0,0,0,246,172,1,0,4514472,5725.487549,3030.000000
1761058007785,00025,111,4,139,139,1,75,0,452,344,194,251,7,105,108,253400,24,170,235,22,1,0,0,15,2,248,185,2,0,11391241,7,17,8,17,0,0,9,648,1.911250,17,0,0,0,0,0,0,15,2,0,0,0,0,6876769,3273.353235,2300.000000
1761058007785,00032,111,4,139,139,1,75,0,452,344,194,251,7,105,108,253400,24,170,235,22,1,0,0,15,2,248,185,2,0,11391241,7,0,0,0,0,0,0,0,0.000000,0,0,0,0,0,0,0,0,0,0,0,0,0,0,299.051518,0.000000
1761058007885,00034,111,4,139,139,1,74,0,462,342,275,169,18,103,120,210030,33,242,160,19,8,0,0,17,15,286,140,4,0,11539625,7,0,0,0,0,0,0,0,0.000000,0,0,0,0,0,0,0,0,0,0,0,0,0,0,545.463398,0.000000
1761058007885,00008,111,4,139,139,1,74,0,462,342,275,169,18,103,120,210030,33,242,160,19,8,0,0,17,15,286,140,4,0,11539625,7,0,0,0,0,0,0,0,0.000000,0,0,0,0,0,0,0,0,0,0,0,0,0,0,300.911750,0.000000
1761058007885,00040,111,4,139,139,1,74,0,462,342,275,169,18,103,120,210030,33,242,160,19,8,0,0,17,15,286,140,4,0,11539625,7,6,4,3,0,3,2,494,0.198571,2,1,0,0,3,0,0,0,1,4,1,0,0,0,218.534066,0.000000
1761058007885,00063,111,4,139,139,1,74,0,462,342,275,169,18,103,120,210030,33,242,160,19,8,0,0,17,15,286,140,4,0,11539625,7,14,10,1,4,9,4,1545,0.372321,0,1,0,8,5,0,0,0,0,2,9,3,0,0,386.421822,30.000000
1761058007885,00053,111,4,139,139,1,74,0,462,342,275,169,18,103,120,210030,33,242,160,19,8,0,0,17,15,286,140,4,0,11539625,7,421,316,250,165,6,105,206918,100.725357,10,240,160,11,0,0,0,0,10,280,130,1,0,4525739,5723.076448,9530.000000
1761058007885,00025,111,4,139,139,1,74,0,462,342,275,169,18,103,120,210030,33,242,160,19,8,0,0,17,15,286,140,4,0,11539625,7,21,12,21,0,0,9,1073,3.077857,21,0,0,0,0,0,0,17,4,0,0,0,0,7013886,3296.275126,2930.000000
1761058007885,00032,111,4,139,139,1,74,0,462,342,275,169,18,103,120,210030,33,242,160,19,8,0,0,17,15,286,140,4,0,11539625,7,0,0,0,0,0,0,0,0.000000,0,0,0,0,0,0,0,0,0,0,0,0,0,0,299.051518,0.000000
1761058007985,00034,111,4,139,139,1,78,0,466,341,112,284,70,109,125,312904,37,75,232,89,33,0,35,1,2,163,248,17,0,11720077,7,0,0,0,0,0,0,0,0.000000,0,0,0,0,0,0,0,0,0,0,0,0,0,0,545.463398,0.000000
1761058007985,00008,111,4,139,139,1,78,0,466,341,112,284,70,109,125,312904,37,75,232,89,33,0,35,1,2,163,248,17,0,11720077,7,0,0,0,0,0,0,0,0.000000,0,0,0,0,0,0,0,0,0,0,0,0,0,0,300.911750,0.000000
1761058007985,00040,111,4,139,139,1,78,0,466,341,112,284,70,109,125,312904,37,75,232,89,33,0,35,1,2,163,248,17,0,11720077,7,6,4,1,0,5,2,750,0.173750,1,0,0,0,5,0,0,0,2,0,0,4,0,0,217.856079,10.000000
1761058007985,00063,111,4,139,139,1,78,0,466,341,112,284,70,109,125,312904,37,75,232,89,33,0,35,1,2,163,248,17,0,11720077,7,16,9,4,3,9,7,1562,0.521250,0,4,3,6,3,0,0,0,0,10,4,2,0,0,386.509297,60.000000
1761058007985,00053,111,4,139,139,1,78,0,466,341,112,284,70,109,125,312904,37,75,232,89,33,0,35,1,2,163,248,17,0,11720077,7,408,316,71,281,56,92,308720,104.498214,0,71,229,83,25,0,0,0,0,153,244,11,0,4574431,5806.889569,8480.000000
1761058007985,00025,111,4,139,139,1,78,0,466,341,112,284,70,109,125,312904,37,75,232,89,33,0,35,1,2,163,248,17,0,11720077,7,36,12,36,0,0,24,1872,5.361429,36,0,0,0,0,0,35,1,0,0,0,0,0,7145646,3315.816156,2300.000000
1761058007985,00032,111,4,139,139,1,78,0,466,341,112,284,70,109,125,312904,37,75,232,89,33,0,35,1,2,163,248,17,0,11720077,7,0,0,0,0,0,0,0,0.000000,0,0,0,0,0,0,0,0,0,0,0,0,0,0,299.051518,0.000000
1761058008085,00034,111,4,139,139,1,76,0,483,358,168,259,56,107,125,289695,51,117,188,107,20,0,20,18,15,158,251,21,0,11986577,7,0,0,0,0,0,0,0,0.000000,0,0,0,0,0,0,0,0,0,0,0,0,0,0,545.463398,0.000000
1761058008085,00008,111,4,139,139,1,76,0,483,358,168,259,56,107,125,289695,51,117,188,107,20,0,20,18,15,158,251,21,0,11986577,7,0,0,0,0,0,0,0,0.000000,0,0,0,0,0,0,0,0,0,0,0,0,0,0,300.911750,0.000000
1761058008085,00040,111,4,139,139,1,76,0,483,358,168,259,56,107,125,289695,51,117,188,107,20,0,20,18,15,158,251,21,0,11986577,7,10,8,5,5,0,2,573,0.273036,1,4,1,4,0,0,0,0,0,2,8,0,0,0,222.514211,0.000000
1761058008085,00063,111,4,139,139,1,76,0,483,358,168,259,56,107,125,289695,51,117,188,107,20,0,20,18,15,158,251,21,0,11986577,7,12,7,1,2,9,5,1162,0.297857,1,0,2,5,4,0,0,0,4,2,2,4,0,0,385.609227,0.000000
1761058008085,00053,111,4,139,139,1,76,0,483,358,168,259,56,107,125,289695,51,117,188,107,20,0,20,18,15,158,251,21,0,11986577,7,412,323,113,252,47,89,285647,102.363571,0,113,185,98,16,0,0,0,0,154,241,17,0,4709361,5913.682245,10160.000000
1761058008085,00025,111,4,139,139,1,76,0,483,358,168,259,56,107,125,289695,51,117,188,107,20,0,20,18,15,158,251,21,0,11986577,7,49,20,49,0,0,29,2313,5.684107,49,0,0,0,0,0,20,18,11,0,0,0,0,7277216,3333.981240,3030.000000
1761058008085,00032,111,4,139,139,1,76,0,483,358,168,259,56,107,125,289695,51,117,188,107,20,0,20,18,15,158,251,21,0,11986577,7,0,0,0,0,0,0,0,0.000000,0,0,0,0,0,0,0,0,0,0,0,0,0,0,299.051518,0.000000
1761058008185,00034,111,4,139,139,1,11,0,82,45,52,27,3,16,37,29089,20,32,25,2,3,0,9,35,2,20,15,1,0,4852151,6,0,0,0,0,0,0,0,0.000000,0,0,0,0,0,0,0,0,0,0,0,0,0,0,545.463398,0.000000
1761058008185,00008,111,4,139,139,1,11,0,82,45,52,27,3,16,37,29089,20,32,25,2,3,0,9,35,2,20,15,1,0,4852151,6,0,0,0,0,0,0,0,0.000000,0,0,0,0,0,0,0,0,0,0,0,0,0,0,300.911750,0.000000
1761058008185,00040,111,4,139,139,1,11,0,82,45,52,27,3,16,37,29089,20,32,25,2,3,0,9,35,2,20,15,1,0,4852151,6,5,3,2,3,0,2,545,0.273036,1,1,3,0,0,0,0,0,2,3,0,0,0,0,225.884887,10.000000
1761058008185,00063,111,4,139,139,1,11,0,82,45,52,27,3,16,37,29089,20,32,25,2,3,0,9,35,2,20,15,1,0,4852151,6,16,12,8,5,3,4,1459,0.670179,0,8,5,0,3,0,0,0,0,10,6,0,0,0,391.898352,90.000000
1761058008185,00053,111,4,139,139,1,11,0,82,45,52,27,3,16,37,29089,20,32,25,2,3,0,9,35,2,20,15,1,0,4852151,6,61,30,42,19,0,31,27085,16.928214,19,23,17,2,0,0,9,35,0,7,9,1,0,4852151,5933.551478,3770.000000
1761058008185,00032,111,4,139,139,1,11,0,82,45,52,27,3,16,37,29089,20,32,25,2,3,0,9,35,2,20,15,1,0,4852151,6,0,0,0,0,0,0,0,0.000000,0,0,0,0,0,0,0,0,0,0,0,0,0,0,299.051518,0.000000
1761058008285,00008,111,4,139,139,1,30,0,188,134,94,75,19,43,54,91724,70,24,45,43,6,0,0,0,82,36,67,3,0,4983151,5,1,1,1,0,0,0,15,0.049643,1,0,0,0,0,0,0,0,0,0,1,0,0,0,301.013478,0.000000
1761058008285,00040,111,4,139,139,1,30,0,188,134,94,75,19,43,54,91724,70,24,45,43,6,0,0,0,82,36,67,3,0,4983151,5,3,3,3,0,0,0,41,0.124107,3,0,0,0,0,0,0,0,2,0,1,0,0,0,224.053293,0.000000
1761058008285,00063,111,4,139,139,1,30,0,188,134,94,75,19,43,54,91724,70,24,45,43,6,0,0,0,82,36,67,3,0,4983151,5,16,10,1,8,7,6,1936,0.446786,0,1,2,7,6,0,0,0,0,0,13,3,0,0,389.875907,40.000000
1761058008285,00053,111,4,139,139,1,30,0,188,134,94,75,19,43,54,91724,70,24,45,43,6,0,0,0,82,36,67,3,0,4983151,5,168,120,89,67,12,48,89732,43.536786,66,23,43,36,0,0,0,0,80,36,52,0,0,4983151,5981.973921,3140.000000
1761058008285,00032,111,4,139,139,1,30,0,188,134,94,75,19,43,54,91724,70,24,45,43,6,0,0,0,82,36,67,3,0,4983151,5,0,0,0,0,0,0,0,0.000000,0,0,0,0,0,0,0,0,0,0,0,0,0,0,299.051518,0.000000
1761058008385,00008,111,4,139,139,1,5,0,79,42,53,15,11,8,37,12546,41,12,13,2,11,0,0,20,23,27,5,4,0,5103725,7,9,4,5,0,4,5,683,0.248214,5,0,0,0,4,0,0,0,2,7,0,0,0,0,293.477362,10.000000
1761058008385,00040,111,4,139,139,1,5,0,79,42,53,15,11,8,37,12546,41,12,13,2,11,0,0,20,23,27,5,4,0,5103725,7,6,4,2,1,3,2,491,0.198571,2,0,0,1,3,0,0,0,0,0,3,3,0,0,222.021238,10.000000
1761058008385,00063,111,4,139,139,1,5,0,79,42,53,15,11,8,37,12546,41,12,13,2,11,0,0,20,23,27,5,4,0,5103725,7,14,9,4,6,4,5,1459,0.521250,0,4,5,1,4,0,0,0,0,12,1,1,0,0,392.021899,50.000000
1761058008385,00053,111,4,139,139,1,5,0,79,42,53,15,11,8,37,12546,41,12,13,2,11,0,0,20,23,27,5,4,0,5103725,7,43,20,35,8,0,23,9523,8.960536,30,5,8,0,0,0,0,20,15,7,1,0,0,5103671,6002.933522,3030.000000
1761058008385,00032,111,4,139,139,1,5,0,79,42,53,15,11,8,37,12546,41,12,13,2,11,0,0,20,23,27,5,4,0,5103725,7,0,0,0,0,0,0,0,0.000000,0,0,0,0,0,0,0,0,0,0,0,0,0,0,299.051518,0.000000
1761058008385,00007,111,4,139,139,1,5,0,79,42,53,15,11,8,37,12546,41,12,13,2,11,0,0,20,23,27,5,4,0,5103725,7,7,5,7,0,0,2,390,0.006292,4,3,0,0,0,0,0,0,6,1,0,0,0,54,456.699998,0.000000
1761058008385,00034,111,4,139,139,1,5,0,79,42,53,15,11,8,37,12546,41,12,13,2,11,0,0,20,23,27,5,4,0,5103725,7,0,0,0,0,0,0,0,0.000000,0,0,0,0,0,0,0,0,0,0,0,0,0,0,545.463398,0.000000
1761058008485,00008,111,4,139,139,1,0,0,42,31,28,14,0,0,11,2737,17,11,14,0,0,0,0,3,16,13,10,0,0,0,6,4,4,3,1,0,0,155,0.198571,3,0,1,0,0,0,0,0,2,1,1,0,0,0,295.079774,0.000000
1761058008485,00040,111,4,139,139,1,0,0,42,31,28,14,0,0,11,2737,17,11,14,0,0,0,0,3,16,13,10,0,0,0,6,9,5,6,3,0,4,516,0.372321,3,3,3,0,0,0,0,3,2,3,1,0,0,0,222.004747,0.000000
1761058008485,00063,111,4,139,139,1,0,0,42,31,28,14,0,0,11,2737,17,11,14,0,0,0,0,3,16,13,10,0,0,0,6,15,12,5,10,0,3,1397,0.595714,0,5,10,0,0,0,0,0,0,7,8,0,0,0,390.500764,40.000000
1761058008485,00032,111,4,139,139,1,0,0,42,31,28,14,0,0,11,2737,17,11,14,0,0,0,0,3,16,13,10,0,0,0,6,0,0,0,0,0,0,0,0.000000,0,0,0,0,0,0,0,0,0,0,0,0,0,0,299.051518,0.000000
1761058008485,00007,111,4,139,139,1,0,0,42,31,28,14,0,0,11,2737,17,11,14,0,0,0,0,3,16,13,10,0,0,0,6,14,10,14,0,0,4,669,0.868750,11,3,0,0,0,0,0,0,12,2,0,0,0,0,453.879999,50.000000
1761058008485,00034,111,4,139,139,1,0,0,42,31,28,14,0,0,11,2737,17,11,14,0,0,0,0,3,16,13,10,0,0,0,6,0,0,0,0,0,0,0,0.000000,0,0,0,0,0,0,0,0,0,0,0,0,0,0,545.463398,0.000000
1761058008585,00008,111,4,139,139,1,0,0,29,21,8,4,17,0,8,2610,8,0,3,12,6,0,0,0,4,2,17,6,0,0,6,4,4,4,0,0,0,235,0.670179,4,0,0,0,0,0,0,0,2,2,0,0,0,0,299.604890,10.000000
1761058008585,00040,111,4,139,139,1,0,0,29,21,8,4,17,0,8,2610,8,0,3,12,6,0,0,0,4,2,17,6,0,0,6,4,4,2,2,0,0,244,0.173750,2,0,2,0,0,0,0,0,0,0,4,0,0,0,221.663805,10.000000
1761058008585,00063,111,4,139,139,1,0,0,29,21,8,4,17,0,8,2610,8,0,3,12,6,0,0,0,4,2,17,6,0,0,6,19,11,0,2,17,8,2036,0.471607,0,0,1,12,6,0,0,0,0,0,13,6,0,0,389.230609,40.000000
1761058008585,00032,111,4,139,139,1,0,0,29,21,8,4,17,0,8,2610,8,0,3,12,6,0,0,0,4,2,17,6,0,0,6,0,0,0,0,0,0,0,0.000000,0,0,0,0,0,0,0,0,0,0,0,0,0,0,299.051518,0.000000
1761058008585,00007,111,4,139,139,1,0,0,29,21,8,4,17,0,8,2610,8,0,3,12,6,0,0,0,4,2,17,6,0,0,6,2,2,2,0,0,0,95,0.173750,2,0,0,0,0,0,0,0,2,0,0,0,0,0,452.364978,20.000000
1761058008585,00034,111,4,139,139,1,0,0,29,21,8,4,17,0,8,2610,8,0,3,12,6,0,0,0,4,2,17,6,0,0,6,0,0,0,0,0,0,0,0.000000,0,0,0,0,0,0,0,0,0,0,0,0,0,0,545.463398,0.000000
1761058008685,00008,111,4,139,139,1,0,0,22,14,10,8,4,0,8,1700,9,1,7,2,3,0,0,3,6,0,11,2,0,0,6,4,2,4,0,0,2,60,0.198571,4,0,0,0,0,0,0,3,1,0,0,0,0,0,299.866911,0.000000
1761058008685,00063,111,4,139,139,1,0,0,22,14,10,8,4,0,8,1700,9,1,7,2,3,0,0,3,6,0,11,2,0,0,6,13,9,1,8,4,4,1481,0.471607,0,1,7,2,3,0,0,0,0,0,11,2,0,0,389.079479,40.000000
1761058008685,00032,111,4,139,139,1,0,0,22,14,10,8,4,0,8,1700,9,1,7,2,3,0,0,3,6,0,11,2,0,0,6,0,0,0,0,0,0,0,0.000000,0,0,0,0,0,0,0,0,0,0,0,0,0,0,299.051518,0.000000
1761058008685,00007,111,4,139,139,1,0,0,22,14,10,8,4,0,8,1700,9,1,7,2,3,0,0,3,6,0,11,2,0,0,6,5,3,5,0,0,2,159,0.273036,5,0,0,0,0,0,0,0,5,0,0,0,0,0,450.957446,0.000000
1761058008685,00034,111,4,139,139,1,0,0,22,14,10,8,4,0,8,1700,9,1,7,2,3,0,0,3,6,0,11,2,0,0,6,0,0,0,0,0,0,0,0.000000,0,0,0,0,0,0,0,0,0,0,0,0,0,0,545.463398,0.000000
1761058008685,00054,111,4,139,139,1,0,0,22,14,10,8,4,0,8,1700,9,1,7,2,3,0,0,3,6,0,11,2,0,0,6,0,0,0,0,0,0,0,0.000000,0,0,0,0,0,0,0,0,0,0,0,0,0,0,573.898702,0.000000
1761058008785,00063,111,4,139,139,1,0,0,15,7,15,0,0,1,8,460,15,0,0,0,0,0,0,11,3,0,1,0,0,162,4,1,1,1,0,0,0,15,0.049643,1,0,0,0,0,0,0,0,0,0,1,0,0,0,389.105211,0.000000
1761058008785,00007,111,4,139,139,1,0,0,15,7,15,0,0,1,8,460,15,0,0,0,0,0,0,11,3,0,1,0,0,162,4,14,6,14,0,0,8,445,1.166607,14,0,0,0,0,0,0,11,3,0,0,0,0,162,442.241205,20.000000
1761058008785,00034,111,4,139,139,1,0,0,15,7,15,0,0,1,8,460,15,0,0,0,0,0,0,11,3,0,1,0,0,162,4,0,0,0,0,0,0,0,0.000000,0,0,0,0,0,0,0,0,0,0,0,0,0,0,545.463398,0.000000
1761058008785,00054,111,4,139,139,1,0,0,15,7,15,0,0,1,8,460,15,0,0,0,0,0,0,11,3,0,1,0,0,162,4,0,0,0,0,0,0,0,0.000000,0,0,0,0,0,0,0,0,0,0,0,0,0,0,573.898702,0.000000
1761058008885,00063,111,4,139,139,1,2,0,54,29,52,2,0,3,25,4431,51,1,1,1,0,0,0,25,25,2,2,0,0,5698025,4,2,2,0,2,0,0,159,0.049643,0,0,1,1,0,0,0,0,0,0,2,0,0,0,387.231474,20.000000
1761058008885,00007,111,4,139,139,1,2,0,54,29,52,2,0,3,25,4431,51,1,1,1,0,0,0,25,25,2,2,0,0,5698025,4,21,10,21,0,0,11,1120,3.201964,21,0,0,0,0,0,0,10,11,0,0,0,0,0,441.726691,30.000000
1761058008885,00034,111,4,139,139,1,2,0,54,29,52,2,0,3,25,4431,51,1,1,1,0,0,0,25,25,2,2,0,0,5698025,4,0,0,0,0,0,0,0,0.000000,0,0,0,0,0,0,0,0,0,0,0,0,0,0,545.463398,0.000000
1761058008885,00053,111,4,139,139,1,2,0,54,29,52,2,0,3,25,4431,51,1,1,1,0,0,0,25,25,2,2,0,0,5698025,4,31,17,31,0,0,14,3152,0.080009,30,1,0,0,0,0,0,15,14,2,0,0,0,5698025,5942.756360,2410.000000
1761058008985,00063,111,4,139,139,1,52,0,335,270,276,46,13,73,65,86737,224,52,46,0,13,0,0,0,153,163,7,7,5,5772576,4,0,0,0,0,0,0,0,0.000000,0,0,0,0,0,0,0,0,0,0,0,0,0,0,387.231474,0.000000
1761058008985,00007,111,4,139,139,1,52,0,335,270,276,46,13,73,65,86737,224,52,46,0,13,0,0,0,153,163,7,7,5,5772576,4,10,10,9,1,0,0,691,1.489286,9,0,1,0,0,0,0,0,8,2,0,0,0,0,443.753802,50.000000
1761058008985,00034,111,4,139,139,1,52,0,335,270,276,46,13,73,65,86737,224,52,46,0,13,0,0,0,153,163,7,7,5,5772576,4,14,8,1,0,13,6,2156,0.372321,1,0,0,0,13,0,0,0,0,0,2,7,5,0,530.518838,20.000000
1761058008985,00053,111,4,139,139,1,52,0,335,270,276,46,13,73,65,86737,224,52,46,0,13,0,0,0,153,163,7,7,5,5772576,4,311,252,266,45,0,59,83890,72.255179,214,52,45,0,0,0,0,0,145,161,5,0,0,5772576,5896.524868,3030.000000
1761058009085,00063,111,4,139,139,1,41,0,267,204,244,8,15,58,63,46045,222,22,3,5,15,0,0,3,171,72,12,3,6,5868546,5,0,0,0,0,0,0,0,0.000000,0,0,0,0,0,0,0,0,0,0,0,0,0,0,387.231474,0.000000
1761058009085,00007,111,4,139,139,1,41,0,267,204,244,8,15,58,63,46045,222,22,3,5,15,0,0,3,171,72,12,3,6,5868546,5,3,3,3,0,0,0,41,0.124107,3,0,0,0,0,0,0,0,1,2,0,0,0,0,443.947510,0.000000
1761058009085,00034,111,4,139,139,1,41,0,267,204,244,8,15,58,63,46045,222,22,3,5,15,0,0,3,171,72,12,3,6,5868546,5,21,13,0,6,15,8,3163,0.595714,0,0,1,5,15,0,0,0,0,0,12,3,6,0,527.573926,100.000000
1761058009085,00053,111,4,139,139,1,41,0,267,204,244,8,15,58,63,46045,222,22,3,5,15,0,0,3,171,72,12,3,6,5868546,5,239,186,237,2,0,53,42766,58.156607,215,22,2,0,0,0,0,3,167,69,0,0,0,5868492,5852.731374,2930.000000
1761058009085,00008,111,4,139,139,1,41,0,267,204,244,8,15,58,63,46045,222,22,3,5,15,0,0,3,171,72,12,3,6,5868546,5,4,2,4,0,0,2,75,0.001591,4,0,0,0,0,0,0,0,3,1,0,0,0,54,300.052473,0.000000
