0.2354 38 5 5 6
0.2356 35 6 3 2
0.2468 52 13 2 8
0.3572 39 5 7 2
0.3748 1 1 8 7
0.3796 40 12 8 2
0.4124 54 7 5 4
0.4462 47 7 3 8
0.4788 46 6 5 2
0.4964 29 8 8 2
0.5022 35 16 2 3
0.5272 20 5 8 2
0.5422 53 14 2 3
0.5492 38 8 6 5
0.5608 4 1 5 2
0.7794 18 3 3 8
0.8164 8 3 4 3
0.8374 7 2 4 2
0.8436 1 9 7 4
0.8564 23 5 3 4
0.9108 15 3 8 7
0.9202 46 19 2 5
0.9328 17 2 3 4
0.9572 2 1 4 2
0.9638 47 14 8 3
1.0068 39 17 2 7
1.015 1 8 4 8
1.0232 60 8 3 8
1.1222 52 13 8 2
1.1412 23 9 4 3
1.1572 26 3 2 8
1.1748 8 11 3 2
1.1828 2 24 2 4
1.2004 51 12 2 8
1.2024 37 11 8 4
1.2064 49 10 2 8
1.2366 29 20 2 8
1.3668 39 11 7 2
1.3716 23 13 3 4
1.4442 17 10 4 3
1.4564 26 18 8 2
1.4596 60 17 8 3
1.4644 15 10 7 8
1.4706 50 11 2 8
1.618 20 21 2 3
1.624 8 26 2 4
1.6354 15 22 8 7
1.6564 49 20 8 2
1.6644 26 28 2 8
1.6916 33 10 8 7
1.7908 37 12 4 8
1.8454 33 13 7 8
1.9112 46 9 5 2
2.0084 54 7 4 6
2.0364 60 15 3 8
2.254 21 6 8 7
2.258 58 5 6 2
2.258 60 27 8 3
2.3448 33 26 8 7
2.4088 2 11 4 3
2.429 56 15 2 8
2.5202 15 12 7 8
2.5412 49 29 2 8
2.658 25 7 8 2
2.6662 29 21 8 2
2.6756 58 31 2 6
2.6804 56 28 8 3
2.7182 31 4 5 4
2.77 52 25 2 8
2.7736 2 18 3 2
2.7774 37 25 8 2
2.8164 36 5 2 7
2.84 33 15 7 8
2.8478 23 13 4 2
2.858 21 14 7 8
2.9038 54 9 6 4
2.9498 49 30 8 7
3.036 4 22 2 5
3.0526 46 30 2 5
3.0548 63 6 4 5
3.108 15 29 8 7
3.1414 36 16 7 2
3.1588 48 9 2 6
3.2068 20 16 3 2
3.242 40 18 2 4
3.2484 17 14 3 4
3.249 50 23 8 2
3.2612 32 4 4 5
3.3604 54 16 4 6
3.402 48 11 6 2
3.4372 22 4 3 4
3.4452 10 2 7 8
3.4548 3 1 7 6
3.4708 52 31 8 2
3.5092 60 17 3 8
3.5284 46 11 5 2
3.586 21 33 8 3
3.617 56 19 3 8
3.6212 23 36 2 4
3.6998 29 33 2 8
3.733 22 19 4 3
3.7588 20 38 2 3
3.8072 10 34 8 7
3.8584 60 35 8 3
3.9188 49 17 7 8
4.018 31 15 4 6
4.0372 18 15 8 2
4.1096 4 10 5 2
4.2212 40 17 4 2
4.2856 54 12 6 5
4.3108 63 12 5 4
4.3534 31 14 6 4
4.3558 18 43 2 3
4.3726 40 45 2 4
4.4132 33 32 8 7
4.414 38 8 5 6
4.4356 15 18 7 8
4.4842 61 7 6 2
4.4918 21 20 3 8
4.5334 1 16 8 7
4.5348 23 20 4 2
4.5396 58 10 6 7
4.6868 10 19 7 2
4.708 60 23 3 6
4.8644 63 21 4 5
4.9176 37 35 2 8
4.9786 61 46 2 6
5.066 63 15 5 4
5.1024 31 22 4 5
5.1124 33 20 7 8
5.138 18 24 3 8
5.2212 45 8 2 5
5.2504 53 10 3 4
5.282 17 18 4 3
5.3012 1 21 7 3
5.3354 49 38 8 7
5.504 1 26 3 7
5.5044 31 16 5 6
5.5324 59 7 7 2
5.5368 10 48 2 6
5.6526 28 4 2 3
5.6996 47 12 3 8
5.7524 22 21 3 8
5.81 58 22 7 6
5.8164 38 15 6 5
5.8596 10 19 6 2
5.8964 3 13 6 7
5.9096 46 42 2 5
5.9104 27 4 7 2
5.9138 31 18 6 8
5.9448 14 2 8 6
5.9584 1 24 7 5
5.9588 22 45 8 3
5.9588 23 47 2 8
6.026 30 9 8 3
6.0294 25 32 2 4
6.0456 32 13 5 2
6.1538 23 47 8 2
6.2426 22 28 3 8
6.2452 32 52 2 4
6.2754 59 49 2 7
6.2916 3 25 7 6
6.2918 28 27 3 2
6.3652 11 1 6 7
6.4088 7 23 2 6
6.4916 22 48 8 3
6.562 37 41 8 6
6.5848 10 50 2 7
6.6116 45 17 5 2
6.6984 10 28 7 2
6.7038 37 24 6 3
6.738 31 46 8 6
6.7594 4 44 2 6
6.8512 25 26 4 2
6.8618 10 56 2 7
6.8932 58 20 6 5
6.9444 50 39 2 3
6.962 34 5 4 5
6.9716 48 40 2 3
7.0036 7 23 6 4
7.0396 34 22 5 4
7.0612 10 29 7 2
7.082 44 7 2 8
7.1092 11 27 7 6
7.1436 60 16 6 2
7.1616 53 25 4 3
7.2596 4 26 6 2
7.2996 25 57 2 7
7.2996 40 23 4 5
7.306 36 37 2 3
7.3106 54 14 5 4
7.426 32 27 4 5
7.433 47 44 8 3
7.4556 31 25 6 8
7.4628 8 14 4 5
7.4644 50 32 3 8
7.5096 60 59 2 8
7.5404 53 34 3 4
7.5514 37 31 3 8
7.5526 54 30 4 2
7.5926 50 51 8 2
7.6302 1 20 5 8
7.6338 25 30 7 8
7.6578 47 36 3 2
7.6724 14 21 6 2
7.7012 31 50 8 6
7.7028 36 35 3 5
7.7224 50 62 2 8
7.7254 23 53 2 3
7.7476 48 33 3 2
7.7604 58 21 5 6
7.7618 8 25 5 4
7.786 1 54 8 7
7.8496 32 24 5 2
