0.237018 38 8 6
0.237268 35 16 2
0.248518 52 13 8
0.358768 39 17 2
0.376518 1 9 7
0.381268 40 18 2
0.414018 54 7 4
0.447768 47 14 8
0.480518 46 19 2
0.498018 29 20 2
0.503768 35 9 3
0.528768 20 21 2
0.543768 53 10 3
0.550768 38 8 5
0.562518 4 22 2
0.781018 18 15 8
0.818018 8 11 3
0.839018 7 23 2
0.845268 1 8 4
0.858018 23 9 4
0.912518 15 10 7
0.921768 46 9 5
0.934518 17 10 4
0.958768 2 24 2
0.965518 47 12 3
1.00852 39 11 7
1.01677 1 16 8
1.02477 60 17 8
1.12377 52 25 2
1.14277 23 13 3
1.15877 26 18 8
1.17652 8 26 2
1.18452 2 11 4
1.20202 51 19 8
1.20402 37 12 4
1.20802 49 20 8
1.23827 29 21 8
1.36852 39 27 2
1.37327 23 13 4
1.44577 17 14 3
1.45802 26 28 2
1.46127 60 15 3
1.46602 15 22 8
1.47227 50 23 8
1.61977 20 16 3
1.62577 8 14 4
1.63702 15 12 7
1.65802 49 29 2
1.66602 26 24 8
1.69327 33 13 7
1.79252 37 25 8
1.84702 33 26 8
1.91277 46 30 2
2.01002 54 9 6
2.03802 60 27 8
2.25577 21 14 7
2.25977 60 17 3
2.25977 58 31 2
2.34652 33 15 7
2.41052 2 18 3
2.43077 56 28 8
2.52177 15 29 8
2.54277 49 30 8
2.65977 25 32 2
2.66777 29 33 2
2.67727 58 10 6
2.68202 56 19 3
2.71977 31 15 4
2.77177 52 31 8
2.77527 2 34 2
2.77902 37 35 2
2.81802 36 16 7
2.84177 33 32 8
2.84952 23 36 2
2.85977 21 33 8
2.90552 54 16 4
2.95152 49 17 7
3.03777 4 10 5
3.05427 46 11 5
3.05652 63 12 5
3.10977 15 18 7
3.14302 36 37 2
3.16052 48 11 6
3.20852 20 38 2
3.24377 40 17 4
3.25002 17 18 4
3.25077 50 39 2
3.26277 32 13 5
3.36202 54 12 6
3.40377 48 40 2
3.43877 22 19 4
3.44677 10 34 8
3.45652 3 13 6
3.47252 52 41 2
3.51077 60 35 8
3.53002 46 42 2
3.58777 21 20 3
3.61877 56 36 8
3.62277 23 20 4
3.70152 29 37 8
3.73477 22 21 3
3.76052 20 22 3
3.80877 10 19 7
3.86002 60 23 3
3.92052 49 38 8
4.01977 31 14 6
4.03877 18 43 2
4.11127 4 44 2
4.22277 40 45 2
4.28727 54 14 5
4.31252 63 21 4
4.35502 31 22 4
4.35752 18 24 3
4.37427 40 23 4
4.41477 33 20 7
4.41577 38 15 6
4.43727 15 39 8
4.48577 61 46 2
4.49352 21 40 8
4.53502 1 21 7
4.53652 23 47 2
4.54127 58 22 7
4.68852 10 48 2
4.70977 60 16 6
4.86602 63 15 5
4.91927 37 41 8
4.98027 61 17 6
5.06777 63 24 4
5.10402 31 16 5
5.11402 33 42 8
5.13977 18 43 8
5.22277 45 17 5
5.25202 53 25 4
5.28377 17 25 3
5.30277 1 26 3
5.33702 49 23 7
5.50577 1 24 7
5.50602 31 18 6
5.53402 59 49 2
5.53852 10 19 6
5.65427 28 27 3
5.70127 47 44 8
5.75402 22 45 8
5.81177 58 20 6
5.81802 38 18 5
5.86127 10 50 2
5.89802 3 25 7
5.91127 46 19 5
5.91202 27 51 2
5.91552 31 46 8
5.94652 14 21 6
5.96002 1 20 5
5.96052 22 28 3
5.96052 23 47 8
6.02777 30 29 3
6.03102 25 26 4
6.04727 32 52 2
6.15552 23 53 2
6.24427 22 48 8
6.24677 32 27 4
6.27702 59 26 7
6.29327 3 22 6
6.29352 28 54 2
6.36677 11 27 7
6.41052 7 23 6
6.49327 22 30 3
6.56377 37 24 6
6.58652 10 28 7
6.61327 45 55 2
6.70002 10 56 2
6.70552 37 31 3
6.73977 31 25 6
6.76102 4 26 6
6.85277 25 57 2
6.86352 10 29 7
6.89477 58 21 5
6.94602 50 32 3
6.96377 34 22 5
6.97327 48 33 3
7.00527 7 28 4
7.04127 34 29 4
7.06277 10 58 2
7.08377 44 49 8
7.11077 11 27 6
7.14527 60 59 2
7.16327 53 34 3
7.26127 4 60 2
7.30127 25 30 7
7.30127 40 23 5
7.30777 36 35 3
7.31227 54 30 4
7.42777 32 24 5
7.43477 47 36 3
7.45727 31 50 8
7.46452 8 25 5
7.46602 50 51 8
7.51127 60 52 8
7.54202 53 31 4
7.55302 37 53 8
7.55427 54 61 2
7.59427 50 62 2
7.63177 1 54 8
7.63552 25 55 8
7.65952 47 63 2
7.67402 14 64 2
7.70277 31 28 6
7.70452 36 26 5
7.72402 50 56 8
7.72702 23 37 3
7.74927 48 65 2
7.76202 58 29 6
7.76352 8 32 4
7.78777 1 31 7
7.85127 32 66 2
