% time	cellId	IMSI	RNTI	sinrLinear	componentCarrierId
0.028	1	0	28	5323.68	0
0.029	1	0	29	410.77	0
0.034	1	0	34	150.174	0
0.035	1	0	35	371.441	0
0.036	1	0	36	1287.6	0
0.037	1	0	37	167.28	0
0.038	1	0	38	306.945	0
0.039	1	0	39	236.483	0
0.04	1	0	40	208.927	0
0.041	1	0	41	5324.31	0
0.042	1	0	42	710.07	0
0.043	1	0	43	213.345	0
0.044	1	0	44	248.197	0
0.045	1	0	45	496.043	0
0.046	1	0	46	238.572	0
0.047	1	0	47	266.122	0
0.048	1	0	48	156.301	0
0.049	1	0	49	253.051	0
0.055	1	0	55	221.952	0
0.056	1	0	56	302.159	0
0.057	1	0	57	237.426	0
0.058	1	0	58	781.498	0
0.059	1	0	59	560.734	0
0.06	1	0	60	2121.34	0
0.061	1	0	61	145.017	0
0.062	1	0	62	181.66	0
0.063	1	0	63	545.734	0
0.064	1	0	64	319.558	0
0.065	1	0	65	521.045	0
0.066	1	0	66	134.794	0
0.067	1	0	67	217.877	0
0.068	1	0	68	1447.5	0
0.069	1	0	69	1215.11	0
0.07	1	0	70	134.985	0
0.071	1	0	71	159.402	0
0.072	1	0	72	151.395	0
0.321	1	0	1	256.202	0
0.322	1	0	2	157.758	0
0.323	1	0	3	182.023	0
0.324	1	0	4	163.355	0
0.325	1	0	5	172.364	0
0.326	1	0	6	250.239	0
0.327	1	0	7	5332.44	0
0.328	1	0	8	646.428	0
0.329	1	0	9	402.879	0
0.33	1	0	10	214.018	0
0.331	1	0	11	1883.46	0
0.332	1	0	12	295.403	0
0.333	1	0	13	201.245	0
0.334	1	0	14	188.673	0
0.335	1	0	15	1167.25	0
0.336	1	0	16	272.352	0
0.337	1	0	17	537.743	0
0.338	1	0	18	264.278	0
0.339	1	0	19	158.494	0
0.34	1	0	20	151.492	0
0.341	1	0	21	180.803	0
0.342	1	0	22	235.302	0
0.343	1	0	23	142.778	0
0.344	1	0	24	242.54	0
0.345	1	0	25	213.7	0
0.346	1	0	26	627.865	0
0.347	1	0	27	275.159	0
0.348	1	0	28	5323.68	0
0.349	1	0	29	410.721	0
0.354	1	0	34	150.444	0
0.355	1	0	35	372.579	0
0.356	1	0	36	1289.59	0
0.357	1	0	37	166.929	0
0.358	1	0	38	307.045	0
0.359	1	0	39	236.821	0
0.36	1	0	40	208.614	0
0.361	1	0	41	5324.31	0
0.362	1	0	42	707.841	0
0.363	1	0	43	213.414	0
0.364	1	0	44	248.768	0
0.365	1	0	45	495.86	0
0.366	1	0	46	238.802	0
0.367	1	0	47	265.427	0
0.368	1	0	48	156.354	0
0.369	1	0	49	252.48	0
0.375	1	0	55	222.176	0
0.376	1	0	56	302.106	0
0.377	1	0	57	237.102	0
0.378	1	0	58	781.215	0
0.379	1	0	59	558.866	0
0.38	1	0	60	2131.19	0
0.381	1	0	61	144.811	0
0.382	1	0	62	181.199	0
0.383	1	0	63	543.523	0
0.384	1	0	64	320.59	0
0.385	1	0	65	523.436	0
0.386	1	0	66	134.849	0
0.387	1	0	67	217.891	0
0.388	1	0	68	1438.3	0
0.389	1	0	69	1218.87	0
0.39	1	0	70	135.147	0
0.391	1	0	71	159.395	0
0.392	1	0	72	151.145	0
0.641	1	0	1	256.69	0
0.642	1	0	2	157.525	0
0.643	1	0	3	182.378	0
0.644	1	0	4	163.119	0
0.645	1	0	5	172.305	0
0.646	1	0	6	250.209	0
0.647	1	0	7	5333.12	0
0.648	1	0	8	648.855	0
0.649	1	0	9	403.81	0
0.65	1	0	10	214.278	0
0.651	1	0	11	1874.41	0
0.652	1	0	12	295.563	0
0.653	1	0	13	201.418	0
0.654	1	0	14	188.863	0
0.655	1	0	15	1160.12	0
0.656	1	0	16	271.958	0
0.657	1	0	17	538.703	0
0.658	1	0	18	264.624	0
0.659	1	0	19	158.402	0
0.66	1	0	20	151.493	0
0.661	1	0	21	181.139	0
0.662	1	0	22	234.844	0
0.663	1	0	23	142.742	0
0.664	1	0	24	242.723	0
0.665	1	0	25	214.251	0
0.666	1	0	26	629.787	0
0.667	1	0	27	275.373	0
0.668	1	0	28	5323.68	0
0.669	1	0	29	410.67	0
0.674	1	0	34	150.715	0
0.675	1	0	35	373.722	0
0.676	1	0	36	1291.57	0
0.677	1	0	37	166.578	0
0.678	1	0	38	307.145	0
0.679	1	0	39	237.159	0
0.68	1	0	40	208.302	0
0.681	1	0	41	5324.31	0
0.682	1	0	42	705.62	0
0.683	1	0	43	213.483	0
0.684	1	0	44	249.341	0
0.685	1	0	45	495.676	0
0.686	1	0	46	239.033	0
0.687	1	0	47	264.735	0
0.688	1	0	48	156.406	0
0.689	1	0	49	251.911	0
0.695	1	0	55	222.4	0
0.696	1	0	56	302.052	0
0.697	1	0	57	236.777	0
0.698	1	0	58	780.928	0
0.699	1	0	59	557.003	0
0.7	1	0	60	2141.02	0
0.701	1	0	61	144.605	0
0.702	1	0	62	180.74	0
0.703	1	0	63	541.323	0
0.704	1	0	64	321.627	0
0.705	1	0	65	525.843	0
0.706	1	0	66	134.903	0
0.707	1	0	67	217.904	0
0.708	1	0	68	1429.19	0
0.709	1	0	69	1222.61	0
0.71	1	0	70	135.309	0
0.711	1	0	71	159.386	0
0.712	1	0	72	150.895	0
0.961	1	0	1	257.18	0
0.962	1	0	2	157.293	0
0.963	1	0	3	182.734	0
0.964	1	0	4	162.884	0
0.965	1	0	5	172.245	0
0.966	1	0	6	250.179	0
0.967	1	0	7	5333.71	0
0.968	1	0	8	651.296	0
0.969	1	0	9	404.743	0
0.97	1	0	10	214.538	0
0.971	1	0	11	1865.41	0
0.972	1	0	12	295.722	0
0.973	1	0	13	201.591	0
0.974	1	0	14	189.052	0
0.975	1	0	15	1153.06	0
0.976	1	0	16	271.564	0
0.977	1	0	17	539.665	0
0.978	1	0	18	264.97	0
0.979	1	0	19	158.309	0
0.98	1	0	20	151.494	0
0.981	1	0	21	181.476	0
0.982	1	0	22	234.386	0
0.983	1	0	23	142.706	0
0.984	1	0	24	242.905	0
0.985	1	0	25	214.803	0
0.986	1	0	26	631.714	0
0.987	1	0	27	275.588	0
0.988	1	0	28	5323.68	0
0.989	1	0	29	410.617	0
0.994	1	0	34	150.987	0
0.995	1	0	35	374.871	0
0.996	1	0	36	1293.54	0
0.997	1	0	37	166.228	0
0.998	1	0	38	307.243	0
0.999	1	0	39	237.497	0
1	1	0	40	207.991	0
1.001	1	0	41	5324.3	0
1.002	1	0	42	703.406	0
1.003	1	0	43	213.552	0
1.004	1	0	44	249.916	0
1.005	1	0	45	495.49	0
1.006	1	0	46	239.263	0
1.007	1	0	47	264.046	0
1.008	1	0	48	156.457	0
1.009	1	0	49	251.343	0
1.015	1	0	55	222.624	0
1.016	1	0	56	301.998	0
1.017	1	0	57	236.453	0
1.018	1	0	58	780.638	0
1.019	1	0	59	555.146	0
1.02	1	0	60	2150.84	0
1.021	1	0	61	144.399	0
1.022	1	0	62	180.282	0
1.023	1	0	63	539.135	0
1.024	1	0	64	322.668	0
1.025	1	0	65	528.267	0
1.026	1	0	66	134.958	0
1.027	1	0	67	217.916	0
1.028	1	0	68	1420.16	0
1.029	1	0	69	1226.35	0
1.03	1	0	70	135.472	0
1.031	1	0	71	159.378	0
1.032	1	0	72	150.646	0
1.281	1	0	1	257.67	0
1.282	1	0	2	157.062	0
1.283	1	0	3	183.091	0
1.284	1	0	4	162.649	0
1.285	1	0	5	172.185	0
1.286	1	0	6	250.148	0
1.287	1	0	7	5333.95	0
1.288	1	0	8	653.75	0
1.289	1	0	9	405.68	0
1.29	1	0	10	214.799	0
1.291	1	0	11	1856.46	0
1.292	1	0	12	295.879	0
1.293	1	0	13	201.763	0
1.294	1	0	14	189.241	0
1.295	1	0	15	1146.05	0
1.296	1	0	16	271.171	0
1.297	1	0	17	540.628	0
1.298	1	0	18	265.317	0
1.299	1	0	19	158.216	0
1.3	1	0	20	151.494	0
1.301	1	0	21	181.813	0
1.302	1	0	22	233.929	0
1.303	1	0	23	142.67	0
1.304	1	0	24	243.086	0
1.305	1	0	25	215.357	0
1.306	1	0	26	633.645	0
1.307	1	0	27	275.802	0
1.308	1	0	28	5323.67	0
1.309	1	0	29	410.564	0
1.314	1	0	34	151.259	0
1.315	1	0	35	376.024	0
1.316	1	0	36	1295.5	0
1.317	1	0	37	165.879	0
1.318	1	0	38	307.339	0
1.319	1	0	39	237.835	0
1.32	1	0	40	207.68	0
1.321	1	0	41	5324.3	0
1.322	1	0	42	701.2	0
1.323	1	0	43	213.62	0
1.324	1	0	44	250.493	0
1.325	1	0	45	495.303	0
1.326	1	0	46	239.492	0
1.327	1	0	47	263.36	0
1.328	1	0	48	156.509	0
1.329	1	0	49	250.776	0
1.335	1	0	55	222.848	0
1.336	1	0	56	301.943	0
1.337	1	0	57	236.129	0
1.338	1	0	58	780.343	0
1.339	1	0	59	553.296	0
1.34	1	0	60	2160.63	0
1.341	1	0	61	144.194	0
1.342	1	0	62	179.826	0
1.343	1	0	63	536.957	0
1.344	1	0	64	323.714	0
1.345	1	0	65	530.707	0
1.346	1	0	66	135.012	0
1.347	1	0	67	217.926	0
1.348	1	0	68	1411.22	0
1.349	1	0	69	1230.08	0
1.35	1	0	70	135.634	0
1.351	1	0	71	159.369	0
1.352	1	0	72	150.397	0
1.601	1	0	1	258.161	0
1.602	1	0	2	156.831	0
1.603	1	0	3	183.448	0
1.604	1	0	4	162.415	0
1.605	1	0	5	172.124	0
1.606	1	0	6	250.117	0
1.607	1	0	7	5333.28	0
1.608	1	0	8	656.217	0
1.609	1	0	9	406.62	0
1.61	1	0	10	215.06	0
1.611	1	0	11	1847.56	0
1.612	1	0	12	296.035	0
1.613	1	0	13	201.936	0
1.614	1	0	14	189.429	0
1.615	1	0	15	1139.1	0
1.616	1	0	16	270.779	0
1.617	1	0	17	541.592	0
1.618	1	0	18	265.664	0
1.619	1	0	19	158.122	0
1.62	1	0	20	151.494	0
1.621	1	0	21	182.151	0
1.622	1	0	22	233.473	0
1.623	1	0	23	142.633	0
1.624	1	0	24	243.267	0
1.625	1	0	25	215.913	0
1.626	1	0	26	635.582	0
1.627	1	0	27	276.016	0
1.628	1	0	28	5323.67	0
1.629	1	0	29	410.509	0
1.634	1	0	34	151.532	0
1.635	1	0	35	377.184	0
1.636	1	0	36	1297.44	0
1.637	1	0	37	165.531	0
1.638	1	0	38	307.435	0
1.639	1	0	39	238.173	0
1.64	1	0	40	207.37	0
1.641	1	0	41	5324.3	0
1.642	1	0	42	699.001	0
1.643	1	0	43	213.688	0
1.644	1	0	44	251.072	0
1.645	1	0	45	495.114	0
1.646	1	0	46	239.721	0
1.647	1	0	47	262.676	0
1.648	1	0	48	156.56	0
1.649	1	0	49	250.21	0
1.655	1	0	55	223.072	0
1.656	1	0	56	301.888	0
1.657	1	0	57	235.806	0
1.658	1	0	58	780.045	0
1.659	1	0	59	551.451	0
1.66	1	0	60	2170.41	0
1.661	1	0	61	143.99	0
1.662	1	0	62	179.372	0
1.663	1	0	63	534.792	0
1.664	1	0	64	324.766	0
1.665	1	0	65	533.164	0
1.666	1	0	66	135.066	0
1.667	1	0	67	217.936	0
1.668	1	0	68	1402.37	0
1.669	1	0	69	1233.8	0
1.67	1	0	70	135.797	0
1.671	1	0	71	159.359	0
1.672	1	0	72	150.148	0
1.921	1	0	1	258.668	0
1.922	1	0	2	156.627	0
1.923	1	0	3	183.734	0
1.924	1	0	4	162.231	0
1.925	1	0	5	172.071	0
1.926	1	0	6	250.156	0
1.927	1	0	7	5320.78	0
1.928	1	0	8	658.538	0
1.929	1	0	9	407.512	0
1.93	1	0	10	215.285	0
1.931	1	0	11	1838.61	0
1.932	1	0	12	296.085	0
1.933	1	0	13	202.135	0
1.934	1	0	14	189.562	0
1.935	1	0	15	1132.61	0
1.936	1	0	16	270.338	0
1.937	1	0	17	542.561	0
1.938	1	0	18	265.936	0
1.939	1	0	19	158.099	0
1.94	1	0	20	151.552	0
1.941	1	0	21	182.459	0
1.942	1	0	22	233.016	0
1.943	1	0	23	142.567	0
1.944	1	0	24	243.449	0
1.945	1	0	25	216.447	0
1.946	1	0	26	636.905	0
1.947	1	0	27	276.136	0
1.948	1	0	28	5325.22	0
1.949	1	0	29	410.307	0
1.954	1	0	34	151.691	0
1.955	1	0	35	377.916	0
1.956	1	0	36	1297.35	0
1.957	1	0	37	165.247	0
1.958	1	0	38	307.577	0
1.959	1	0	39	238.564	0
1.96	1	0	40	207.04	0
1.961	1	0	41	5323.87	0
1.962	1	0	42	697.331	0
1.963	1	0	43	213.862	0
1.964	1	0	44	251.618	0
1.965	1	0	45	495.029	0
1.966	1	0	46	239.838	0
1.967	1	0	47	262.213	0
1.968	1	0	48	156.538	0
1.969	1	0	49	249.804	0
1.975	1	0	55	223.246	0
1.976	1	0	56	302.007	0
1.977	1	0	57	235.657	0
1.978	1	0	58	778.969	0
1.979	1	0	59	550.678	0
1.98	1	0	60	2175.69	0
1.981	1	0	61	143.82	0
1.982	1	0	62	179.096	0
1.983	1	0	63	532.844	0
1.984	1	0	64	325.195	0
1.985	1	0	65	535.233	0
1.986	1	0	66	135.02	0
1.987	1	0	67	217.78	0
1.988	1	0	68	1393.37	0
1.989	1	0	69	1236	0
1.99	1	0	70	135.963	0
1.991	1	0	71	159.356	0
1.992	1	0	72	149.902	0
2.241	1	0	1	259.35	0
2.242	1	0	2	156.705	0
2.243	1	0	3	183.277	0
2.244	1	0	4	162.546	0
2.245	1	0	5	172.095	0
2.246	1	0	6	250.862	0
2.247	1	0	7	5318.77	0
2.248	1	0	8	659.509	0
2.249	1	0	9	407.986	0
2.25	1	0	10	215.222	0
2.251	1	0	11	1828.84	0
2.252	1	0	12	295.362	0
2.253	1	0	13	202.533	0
2.254	1	0	14	189.3	0
2.255	1	0	15	1128.87	0
2.256	1	0	16	269.571	0
2.257	1	0	17	543.549	0
2.258	1	0	18	265.728	0
2.259	1	0	19	158.523	0
2.26	1	0	20	151.957	0
2.261	1	0	21	182.594	0
2.262	1	0	22	232.548	0
2.263	1	0	23	142.339	0
2.264	1	0	24	243.647	0
2.265	1	0	25	216.855	0
2.266	1	0	26	635.014	0
2.267	1	0	27	275.779	0
2.268	1	0	28	5325.21	0
2.269	1	0	29	409.391	0
2.274	1	0	34	151.351	0
2.275	1	0	35	376.8	0
2.276	1	0	36	1288.79	0
2.277	1	0	37	165.221	0
2.278	1	0	38	307.913	0
2.279	1	0	39	239.162	0
2.28	1	0	40	206.634	0
2.281	1	0	41	5323.87	0
2.282	1	0	42	697.613	0
2.283	1	0	43	214.425	0
2.284	1	0	44	252.04	0
2.285	1	0	45	495.313	0
2.286	1	0	46	239.569	0
2.287	1	0	47	262.498	0
2.288	1	0	48	156.273	0
2.289	1	0	49	249.919	0
2.295	1	0	55	223.269	0
2.296	1	0	56	302.639	0
2.297	1	0	57	236.008	0
2.298	1	0	58	775.712	0
2.299	1	0	59	552.883	0
2.3	1	0	60	2168.72	0
2.301	1	0	61	143.742	0
2.302	1	0	62	179.289	0
2.303	1	0	63	531.446	0
2.304	1	0	64	324.015	0
2.305	1	0	65	536.283	0
2.306	1	0	66	134.727	0
2.307	1	0	67	217.221	0
2.308	1	0	68	1383.93	0
2.309	1	0	69	1234.59	0
2.31	1	0	70	136.136	0
2.311	1	0	71	159.369	0
2.312	1	0	72	149.661	0
2.561	1	0	1	260.035	0
2.562	1	0	2	156.783	0
2.563	1	0	3	182.821	0
2.564	1	0	4	162.862	0
2.565	1	0	5	172.12	0
2.566	1	0	6	251.57	0
2.567	1	0	7	5317.73	0
2.568	1	0	8	660.479	0
2.569	1	0	9	408.46	0
2.57	1	0	10	215.159	0
2.571	1	0	11	1819.15	0
2.572	1	0	12	294.64	0
2.573	1	0	13	202.932	0
2.574	1	0	14	189.039	0
2.575	1	0	15	1125.15	0
2.576	1	0	16	268.806	0
2.577	1	0	17	544.533	0
2.578	1	0	18	265.52	0
2.579	1	0	19	158.948	0
2.58	1	0	20	152.364	0
2.581	1	0	21	182.73	0
2.582	1	0	22	232.082	0
2.583	1	0	23	142.11	0
2.584	1	0	24	243.845	0
2.585	1	0	25	217.263	0
2.586	1	0	26	633.129	0
2.587	1	0	27	275.422	0
2.588	1	0	28	5325.21	0
2.589	1	0	29	408.479	0
2.594	1	0	34	151.013	0
2.595	1	0	35	375.689	0
2.596	1	0	36	1280.31	0
2.597	1	0	37	165.196	0
2.598	1	0	38	308.249	0
2.599	1	0	39	239.762	0
2.6	1	0	40	206.228	0
2.601	1	0	41	5323.88	0
2.602	1	0	42	697.887	0
2.603	1	0	43	214.991	0
2.604	1	0	44	252.462	0
2.605	1	0	45	495.594	0
2.606	1	0	46	239.301	0
2.607	1	0	47	262.781	0
2.608	1	0	48	156.009	0
2.609	1	0	49	250.035	0
2.615	1	0	55	223.291	0
2.616	1	0	56	303.274	0
2.617	1	0	57	236.359	0
2.618	1	0	58	772.476	0
2.619	1	0	59	555.101	0
2.62	1	0	60	2161.76	0
2.621	1	0	61	143.663	0
2.622	1	0	62	179.481	0
2.623	1	0	63	530.054	0
2.624	1	0	64	322.841	0
2.625	1	0	65	537.335	0
2.626	1	0	66	134.434	0
2.627	1	0	67	216.665	0
2.628	1	0	68	1374.57	0
2.629	1	0	69	1233.17	0
2.63	1	0	70	136.31	0
2.631	1	0	71	159.382	0
2.632	1	0	72	149.421	0
2.881	1	0	1	260.722	0
2.882	1	0	2	156.861	0
2.883	1	0	3	182.367	0
2.884	1	0	4	163.178	0
2.885	1	0	5	172.144	0
2.886	1	0	6	252.28	0
2.887	1	0	7	5317.4	0
2.888	1	0	8	661.45	0
2.889	1	0	9	408.933	0
2.89	1	0	10	215.096	0
2.891	1	0	11	1809.54	0
2.892	1	0	12	293.919	0
2.893	1	0	13	203.332	0
2.894	1	0	14	188.778	0
2.895	1	0	15	1121.44	0
2.896	1	0	16	268.045	0
2.897	1	0	17	545.513	0
2.898	1	0	18	265.31	0
2.899	1	0	19	159.375	0
2.9	1	0	20	152.773	0
2.901	1	0	21	182.865	0
2.902	1	0	22	231.618	0
2.903	1	0	23	141.882	0
2.904	1	0	24	244.042	0
2.905	1	0	25	217.672	0
2.906	1	0	26	631.25	0
2.907	1	0	27	275.066	0
2.908	1	0	28	5325.2	0
2.909	1	0	29	407.568	0
2.914	1	0	34	150.675	0
2.915	1	0	35	374.582	0
2.916	1	0	36	1271.9	0
2.917	1	0	37	165.169	0
2.918	1	0	38	308.584	0
2.919	1	0	39	240.363	0
2.92	1	0	40	205.824	0
2.921	1	0	41	5323.89	0
2.922	1	0	42	698.151	0
2.923	1	0	43	215.559	0
2.924	1	0	44	252.884	0
2.925	1	0	45	495.874	0
2.926	1	0	46	239.032	0
2.927	1	0	47	263.063	0
2.928	1	0	48	155.746	0
2.929	1	0	49	250.15	0
2.935	1	0	55	223.312	0
2.936	1	0	56	303.909	0
2.937	1	0	57	236.71	0
2.938	1	0	58	769.259	0
2.939	1	0	59	557.331	0
2.94	1	0	60	2154.81	0
2.941	1	0	61	143.585	0
2.942	1	0	62	179.673	0
2.943	1	0	63	528.667	0
2.944	1	0	64	321.674	0
2.945	1	0	65	538.389	0
2.946	1	0	66	134.143	0
2.947	1	0	67	216.111	0
2.948	1	0	68	1365.3	0
2.949	1	0	69	1231.75	0
2.95	1	0	70	136.483	0
2.951	1	0	71	159.395	0
2.952	1	0	72	149.181	0
3.201	1	0	1	261.41	0
3.202	1	0	2	156.939	0
3.203	1	0	3	181.915	0
3.204	1	0	4	163.495	0
3.205	1	0	5	172.168	0
3.206	1	0	6	252.994	0
3.207	1	0	7	5317.5	0
3.208	1	0	8	662.421	0
3.209	1	0	9	409.405	0
3.21	1	0	10	215.032	0
3.211	1	0	11	1800	0
3.212	1	0	12	293.201	0
3.213	1	0	13	203.733	0
3.214	1	0	14	188.518	0
3.215	1	0	15	1117.74	0
3.216	1	0	16	267.288	0
3.217	1	0	17	546.491	0
3.218	1	0	18	265.1	0
3.219	1	0	19	159.803	0
3.22	1	0	20	153.183	0
3.221	1	0	21	183	0
3.222	1	0	22	231.155	0
3.223	1	0	23	141.655	0
3.224	1	0	24	244.239	0
3.225	1	0	25	218.082	0
3.226	1	0	26	629.376	0
3.227	1	0	27	274.709	0
3.228	1	0	28	5325.19	0
3.229	1	0	29	406.661	0
3.234	1	0	34	150.339	0
3.235	1	0	35	373.48	0
3.236	1	0	36	1263.57	0
3.237	1	0	37	165.142	0
3.238	1	0	38	308.919	0
3.239	1	0	39	240.967	0
3.24	1	0	40	205.421	0
3.241	1	0	41	5323.9	0
3.242	1	0	42	698.408	0
3.243	1	0	43	216.129	0
3.244	1	0	44	253.307	0
3.245	1	0	45	496.151	0
3.246	1	0	46	238.764	0
3.247	1	0	47	263.345	0
3.248	1	0	48	155.483	0
3.249	1	0	49	250.264	0
3.255	1	0	55	223.333	0
3.256	1	0	56	304.547	0
3.257	1	0	57	237.062	0
3.258	1	0	58	766.062	0
3.259	1	0	59	559.574	0
3.26	1	0	60	2147.89	0
3.261	1	0	61	143.505	0
3.262	1	0	62	179.866	0
3.263	1	0	63	527.285	0
3.264	1	0	64	320.512	0
3.265	1	0	65	539.445	0
3.266	1	0	66	133.853	0
3.267	1	0	67	215.558	0
3.268	1	0	68	1356.13	0
3.269	1	0	69	1230.32	0
3.27	1	0	70	136.657	0
3.271	1	0	71	159.407	0
3.272	1	0	72	148.941	0
3.521	1	0	1	262.101	0
3.522	1	0	2	157.017	0
3.523	1	0	3	181.465	0
3.524	1	0	4	163.813	0
3.525	1	0	5	172.192	0
3.526	1	0	6	253.711	0
3.527	1	0	7	5317.79	0
3.528	1	0	8	663.392	0
3.529	1	0	9	409.877	0
3.53	1	0	10	214.968	0
3.531	1	0	11	1790.53	0
3.532	1	0	12	292.483	0
3.533	1	0	13	204.135	0
3.534	1	0	14	188.258	0
3.535	1	0	15	1114.05	0
3.536	1	0	16	266.533	0
3.537	1	0	17	547.464	0
3.538	1	0	18	264.889	0
3.539	1	0	19	160.234	0
3.54	1	0	20	153.595	0
3.541	1	0	21	183.134	0
3.542	1	0	22	230.693	0
3.543	1	0	23	141.427	0
3.544	1	0	24	244.436	0
3.545	1	0	25	218.494	0
3.546	1	0	26	627.508	0
3.547	1	0	27	274.353	0
3.548	1	0	28	5325.18	0
3.549	1	0	29	405.756	0
3.554	1	0	34	150.003	0
3.555	1	0	35	372.383	0
3.556	1	0	36	1255.32	0
3.557	1	0	37	165.115	0
3.558	1	0	38	309.254	0
3.559	1	0	39	241.572	0
3.56	1	0	40	205.019	0
3.561	1	0	41	5323.9	0
3.562	1	0	42	698.655	0
3.563	1	0	43	216.702	0
3.564	1	0	44	253.73	0
3.565	1	0	45	496.427	0
3.566	1	0	46	238.496	0
3.567	1	0	47	263.626	0
3.568	1	0	48	155.221	0
3.569	1	0	49	250.378	0
3.575	1	0	55	223.352	0
3.576	1	0	56	305.185	0
3.577	1	0	57	237.415	0
3.578	1	0	58	762.884	0
3.579	1	0	59	561.83	0
3.58	1	0	60	2140.98	0
3.581	1	0	61	143.426	0
3.582	1	0	62	180.058	0
3.583	1	0	63	525.909	0
3.584	1	0	64	319.357	0
3.585	1	0	65	540.502	0
3.586	1	0	66	133.563	0
3.587	1	0	67	215.008	0
3.588	1	0	68	1347.04	0
3.589	1	0	69	1228.89	0
3.59	1	0	70	136.831	0
3.591	1	0	71	159.419	0
3.592	1	0	72	148.702	0
3.841	1	0	1	262.748	0
3.842	1	0	2	157.133	0
3.843	1	0	3	181.163	0
3.844	1	0	4	164.112	0
3.845	1	0	5	172.264	0
3.846	1	0	6	254.254	0
3.847	1	0	7	5317.82	0
3.848	1	0	8	663.627	0
3.849	1	0	9	410.432	0
3.85	1	0	10	214.831	0
3.851	1	0	11	1780.99	0
3.852	1	0	12	292.051	0
3.853	1	0	13	204.573	0
3.854	1	0	14	188.107	0
3.855	1	0	15	1110.44	0
3.856	1	0	16	265.947	0
3.857	1	0	17	547.853	0
3.858	1	0	18	264.771	0
3.859	1	0	19	160.58	0
3.86	1	0	20	153.884	0
3.861	1	0	21	183.361	0
3.862	1	0	22	230.32	0
3.863	1	0	23	141.278	0
3.864	1	0	24	244.73	0
3.865	1	0	25	218.945	0
3.866	1	0	26	626.835	0
3.867	1	0	27	274.143	0
3.868	1	0	28	5323.61	0
3.869	1	0	29	405.332	0
3.874	1	0	34	149.732	0
3.875	1	0	35	371.429	0
3.876	1	0	36	1247.98	0
3.877	1	0	37	165.037	0
3.878	1	0	38	309.291	0
3.879	1	0	39	241.797	0
3.88	1	0	40	204.65	0
3.881	1	0	41	5325.41	0
3.882	1	0	42	699.458	0
3.883	1	0	43	216.987	0
3.884	1	0	44	253.865	0
3.885	1	0	45	496.585	0
3.886	1	0	46	238.421	0
3.887	1	0	47	263.967	0
3.888	1	0	48	154.937	0
3.889	1	0	49	250.343	0
3.895	1	0	55	223.332	0
3.896	1	0	56	305.54	0
3.897	1	0	57	237.675	0
3.898	1	0	58	761.104	0
3.899	1	0	59	562.876	0
3.9	1	0	60	2136.79	0
3.901	1	0	61	143.305	0
3.902	1	0	62	180.031	0
3.903	1	0	63	524.704	0
3.904	1	0	64	318.26	0
3.905	1	0	65	541.191	0
3.906	1	0	66	133.301	0
3.907	1	0	67	214.536	0
3.908	1	0	68	1344.35	0
3.909	1	0	69	1226.86	0
3.91	1	0	70	136.915	0
3.911	1	0	71	159.343	0
3.912	1	0	72	148.609	0
4.161	1	0	1	263.162	0
4.162	1	0	2	157.451	0
4.163	1	0	3	181.587	0
4.164	1	0	4	164.318	0
4.165	1	0	5	172.567	0
4.166	1	0	6	253.984	0
4.167	1	0	7	5318.19	0
4.168	1	0	8	660.618	0
4.169	1	0	9	411.351	0
4.17	1	0	10	214.387	0
4.171	1	0	11	1770.91	0
4.172	1	0	12	292.775	0
4.173	1	0	13	205.15	0
4.174	1	0	14	188.383	0
4.175	1	0	15	1107.08	0
4.176	1	0	16	265.984	0
4.177	1	0	17	546.092	0
4.178	1	0	18	264.993	0
4.179	1	0	19	160.621	0
4.18	1	0	20	153.735	0
4.181	1	0	21	183.906	0
4.182	1	0	22	230.246	0
4.183	1	0	23	141.388	0
4.184	1	0	24	245.348	0
4.185	1	0	25	219.522	0
4.186	1	0	26	629.932	0
4.187	1	0	27	274.387	0
4.188	1	0	28	5323.61	0
4.189	1	0	29	406.343	0
4.194	1	0	34	149.635	0
4.195	1	0	35	370.851	0
4.196	1	0	36	1242.89	0
4.197	1	0	37	164.827	0
4.198	1	0	38	308.559	0
4.199	1	0	39	241.046	0
4.2	1	0	40	204.36	0
4.201	1	0	41	5325.42	0
4.202	1	0	42	701.637	0
4.203	1	0	43	216.578	0
4.204	1	0	44	253.315	0
4.205	1	0	45	496.472	0
4.206	1	0	46	238.79	0
4.207	1	0	47	264.449	0
4.208	1	0	48	154.604	0
4.209	1	0	49	249.979	0
4.215	1	0	55	223.232	0
4.216	1	0	56	305.325	0
4.217	1	0	57	237.751	0
4.218	1	0	58	761.991	0
4.219	1	0	59	561.596	0
4.22	1	0	60	2137.69	0
4.221	1	0	61	143.11	0
4.222	1	0	62	179.605	0
4.223	1	0	63	523.8	0
4.224	1	0	64	317.259	0
4.225	1	0	65	541.223	0
4.226	1	0	66	133.084	0
4.227	1	0	67	214.193	0
4.228	1	0	68	1352.39	0
4.229	1	0	69	1223.85	0
4.23	1	0	70	136.852	0
4.231	1	0	71	159.127	0
4.232	1	0	72	148.753	0
4.481	1	0	1	263.578	0
4.482	1	0	2	157.77	0
4.483	1	0	3	182.012	0
4.484	1	0	4	164.524	0
4.485	1	0	5	172.871	0
4.486	1	0	6	253.713	0
4.487	1	0	7	5318.58	0
4.488	1	0	8	657.627	0
4.489	1	0	9	412.273	0
4.49	1	0	10	213.944	0
4.491	1	0	11	1760.92	0
4.492	1	0	12	293.502	0
4.493	1	0	13	205.728	0
4.494	1	0	14	188.66	0
4.495	1	0	15	1103.73	0
4.496	1	0	16	266.021	0
4.497	1	0	17	544.338	0
4.498	1	0	18	265.216	0
4.499	1	0	19	160.662	0
4.5	1	0	20	153.586	0
4.501	1	0	21	184.453	0
4.502	1	0	22	230.171	0
4.503	1	0	23	141.496	0
4.504	1	0	24	245.967	0
4.505	1	0	25	220.101	0
4.506	1	0	26	633.05	0
4.507	1	0	27	274.632	0
4.508	1	0	28	5323.61	0
4.509	1	0	29	407.358	0
4.514	1	0	34	149.537	0
4.515	1	0	35	370.275	0
4.516	1	0	36	1237.83	0
4.517	1	0	37	164.618	0
4.518	1	0	38	307.829	0
4.519	1	0	39	240.299	0
4.52	1	0	40	204.071	0
4.521	1	0	41	5325.43	0
4.522	1	0	42	703.822	0
4.523	1	0	43	216.17	0
4.524	1	0	44	252.766	0
4.525	1	0	45	496.354	0
4.526	1	0	46	239.16	0
4.527	1	0	47	264.933	0
4.528	1	0	48	154.273	0
4.529	1	0	49	249.616	0
4.535	1	0	55	223.132	0
4.536	1	0	56	305.11	0
4.537	1	0	57	237.826	0
4.538	1	0	58	762.874	0
4.539	1	0	59	560.318	0
4.54	1	0	60	2138.56	0
4.541	1	0	61	142.914	0
4.542	1	0	62	179.181	0
4.543	1	0	63	522.895	0
4.544	1	0	64	316.262	0
4.545	1	0	65	541.249	0
4.546	1	0	66	132.869	0
4.547	1	0	67	213.852	0
4.548	1	0	68	1360.49	0
4.549	1	0	69	1220.82	0
4.55	1	0	70	136.788	0
4.551	1	0	71	158.911	0
4.552	1	0	72	148.896	0
4.801	1	0	1	263.994	0
4.802	1	0	2	158.09	0
4.803	1	0	3	182.439	0
4.804	1	0	4	164.731	0
4.805	1	0	5	173.176	0
4.806	1	0	6	253.443	0
4.807	1	0	7	5318.96	0
4.808	1	0	8	654.654	0
4.809	1	0	9	413.199	0
4.81	1	0	10	213.502	0
4.811	1	0	11	1751.02	0
4.812	1	0	12	294.231	0
4.813	1	0	13	206.31	0
4.814	1	0	14	188.938	0
4.815	1	0	15	1100.39	0
4.816	1	0	16	266.057	0
4.817	1	0	17	542.591	0
4.818	1	0	18	265.438	0
4.819	1	0	19	160.703	0
4.82	1	0	20	153.437	0
4.821	1	0	21	185.002	0
4.822	1	0	22	230.096	0
4.823	1	0	23	141.605	0
4.824	1	0	24	246.588	0
4.825	1	0	25	220.682	0
4.826	1	0	26	636.19	0
4.827	1	0	27	274.875	0
4.828	1	0	28	5323.61	0
4.829	1	0	29	408.375	0
4.834	1	0	34	149.439	0
4.835	1	0	35	369.699	0
4.836	1	0	36	1232.78	0
4.837	1	0	37	164.409	0
4.838	1	0	38	307.102	0
4.839	1	0	39	239.555	0
4.84	1	0	40	203.783	0
4.841	1	0	41	5325.45	0
4.842	1	0	42	706.013	0
4.843	1	0	43	215.762	0
4.844	1	0	44	252.219	0
4.845	1	0	45	496.229	0
4.846	1	0	46	239.53	0
4.847	1	0	47	265.418	0
4.848	1	0	48	153.943	0
4.849	1	0	49	249.253	0
4.855	1	0	55	223.03	0
4.856	1	0	56	304.894	0
4.857	1	0	57	237.901	0
4.858	1	0	58	763.751	0
4.859	1	0	59	559.044	0
4.86	1	0	60	2139.38	0
4.861	1	0	61	142.719	0
4.862	1	0	62	178.758	0
4.863	1	0	63	521.987	0
4.864	1	0	64	315.269	0
4.865	1	0	65	541.269	0
4.866	1	0	66	132.653	0
4.867	1	0	67	213.511	0
4.868	1	0	68	1368.64	0
4.869	1	0	69	1217.78	0
4.87	1	0	70	136.725	0
4.871	1	0	71	158.696	0
4.872	1	0	72	149.04	0
5.121	1	0	1	264.411	0
5.122	1	0	2	158.411	0
5.123	1	0	3	182.867	0
5.124	1	0	4	164.938	0
5.125	1	0	5	173.481	0
5.126	1	0	6	253.172	0
5.127	1	0	7	5319.32	0
5.128	1	0	8	651.699	0
5.129	1	0	9	414.126	0
5.13	1	0	10	213.062	0
5.131	1	0	11	1741.19	0
5.132	1	0	12	294.962	0
5.133	1	0	13	206.893	0
5.134	1	0	14	189.216	0
5.135	1	0	15	1097.07	0
5.136	1	0	16	266.092	0
5.137	1	0	17	540.851	0
5.138	1	0	18	265.659	0
5.139	1	0	19	160.744	0
5.14	1	0	20	153.288	0
5.141	1	0	21	185.554	0
5.142	1	0	22	230.02	0
5.143	1	0	23	141.713	0
5.144	1	0	24	247.211	0
5.145	1	0	25	221.266	0
5.146	1	0	26	639.351	0
5.147	1	0	27	275.119	0
5.148	1	0	28	5323.62	0
5.149	1	0	29	409.396	0
5.154	1	0	34	149.341	0
5.155	1	0	35	369.124	0
5.156	1	0	36	1227.76	0
5.157	1	0	37	164.2	0
5.158	1	0	38	306.376	0
5.159	1	0	39	238.815	0
5.16	1	0	40	203.495	0
5.161	1	0	41	5325.46	0
5.162	1	0	42	708.211	0
5.163	1	0	43	215.354	0
5.164	1	0	44	251.673	0
5.165	1	0	45	496.1	0
5.166	1	0	46	239.9	0
5.167	1	0	47	265.905	0
5.168	1	0	48	153.613	0
5.169	1	0	49	248.891	0
5.175	1	0	55	222.927	0
5.176	1	0	56	304.678	0
5.177	1	0	57	237.974	0
5.178	1	0	58	764.623	0
5.179	1	0	59	557.772	0
5.18	1	0	60	2140.15	0
5.181	1	0	61	142.525	0
5.182	1	0	62	178.336	0
5.183	1	0	63	521.078	0
5.184	1	0	64	314.281	0
5.185	1	0	65	541.283	0
5.186	1	0	66	132.438	0
5.187	1	0	67	213.17	0
5.188	1	0	68	1376.85	0
5.189	1	0	69	1214.72	0
5.19	1	0	70	136.661	0
5.191	1	0	71	158.481	0
5.192	1	0	72	149.183	0
5.441	1	0	1	264.828	0
5.442	1	0	2	158.733	0
5.443	1	0	3	183.297	0
5.444	1	0	4	165.145	0
5.445	1	0	5	173.787	0
5.446	1	0	6	252.902	0
5.447	1	0	7	5319.65	0
5.448	1	0	8	648.761	0
5.449	1	0	9	415.057	0
5.45	1	0	10	212.623	0
5.451	1	0	11	1731.45	0
5.452	1	0	12	295.695	0
5.453	1	0	13	207.479	0
5.454	1	0	14	189.494	0
5.455	1	0	15	1093.75	0
5.456	1	0	16	266.126	0
5.457	1	0	17	539.118	0
5.458	1	0	18	265.88	0
5.459	1	0	19	160.784	0
5.46	1	0	20	153.139	0
5.461	1	0	21	186.109	0
5.462	1	0	22	229.944	0
5.463	1	0	23	141.821	0
5.464	1	0	24	247.837	0
5.465	1	0	25	221.851	0
5.466	1	0	26	642.535	0
5.467	1	0	27	275.362	0
5.468	1	0	28	5323.62	0
5.469	1	0	29	410.42	0
5.474	1	0	34	149.243	0
5.475	1	0	35	368.55	0
5.476	1	0	36	1222.76	0
5.477	1	0	37	163.992	0
5.478	1	0	38	305.652	0
5.479	1	0	39	238.078	0
5.48	1	0	40	203.207	0
5.481	1	0	41	5325.47	0
5.482	1	0	42	710.416	0
5.483	1	0	43	214.947	0
5.484	1	0	44	251.128	0
5.485	1	0	45	495.965	0
5.486	1	0	46	240.271	0
5.487	1	0	47	266.392	0
5.488	1	0	48	153.285	0
5.489	1	0	49	248.529	0
5.495	1	0	55	222.823	0
5.496	1	0	56	304.462	0
5.497	1	0	57	238.047	0
5.498	1	0	58	765.49	0
5.499	1	0	59	556.502	0
5.5	1	0	60	2140.89	0
5.501	1	0	61	142.331	0
5.502	1	0	62	177.915	0
5.503	1	0	63	520.168	0
5.504	1	0	64	313.296	0
5.505	1	0	65	541.291	0
5.506	1	0	66	132.223	0
5.507	1	0	67	212.83	0
5.508	1	0	68	1385.11	0
5.509	1	0	69	1211.64	0
5.51	1	0	70	136.598	0
5.511	1	0	71	158.266	0
5.512	1	0	72	149.326	0
5.761	1	0	1	265.018	0
5.762	1	0	2	158.99	0
5.763	1	0	3	183.722	0
5.764	1	0	4	165.359	0
5.765	1	0	5	173.958	0
5.766	1	0	6	252.789	0
5.767	1	0	7	5320.47	0
5.768	1	0	8	646.822	0
5.769	1	0	9	415.417	0
5.77	1	0	10	212.253	0
5.771	1	0	11	1725.03	0
5.772	1	0	12	296.504	0
5.773	1	0	13	208.03	0
5.774	1	0	14	189.7	0
5.775	1	0	15	1089.18	0
5.776	1	0	16	266.131	0
5.777	1	0	17	538.591	0
5.778	1	0	18	265.912	0
5.779	1	0	19	160.885	0
5.78	1	0	20	153.087	0
5.781	1	0	21	186.397	0
5.782	1	0	22	229.715	0
5.783	1	0	23	141.872	0
5.784	1	0	24	248.345	0
5.785	1	0	25	222.416	0
5.786	1	0	26	644.435	0
5.787	1	0	27	275.466	0
5.788	1	0	28	5323.84	0
5.789	1	0	29	411.365	0
5.794	1	0	34	149.234	0
5.795	1	0	35	368.557	0
5.796	1	0	36	1221.07	0
5.797	1	0	37	163.738	0
5.798	1	0	38	304.83	0
5.799	1	0	39	237.741	0
5.8	1	0	40	203.061	0
5.801	1	0	41	5325.1	0
5.802	1	0	42	711.24	0
5.803	1	0	43	214.552	0
5.804	1	0	44	250.653	0
5.805	1	0	45	495.096	0
5.806	1	0	46	240.419	0
5.807	1	0	47	266.753	0
5.808	1	0	48	153.157	0
5.809	1	0	49	248.57	0
5.815	1	0	55	222.648	0
5.816	1	0	56	304.018	0
5.817	1	0	57	238.352	0
5.818	1	0	58	765.344	0
5.819	1	0	59	555.527	0
5.82	1	0	60	2143.98	0
5.821	1	0	61	142.256	0
5.822	1	0	62	177.538	0
5.823	1	0	63	518.858	0
5.824	1	0	64	312.963	0
5.825	1	0	65	540.494	0
5.826	1	0	66	132.177	0
5.827	1	0	67	212.891	0
5.828	1	0	68	1386.07	0
5.829	1	0	69	1212.87	0
5.83	1	0	70	136.551	0
5.831	1	0	71	158.265	0
5.832	1	0	72	149.437	0
6.081	1	0	1	264.491	0
6.082	1	0	2	159.047	0
6.083	1	0	3	184.127	0
6.084	1	0	4	165.595	0
6.085	1	0	5	173.735	0
6.086	1	0	6	253.131	0
6.087	1	0	7	5320.15	0
6.088	1	0	8	647.62	0
6.089	1	0	9	414.207	0
6.09	1	0	10	212.065	0
6.091	1	0	11	1727.21	0
6.092	1	0	12	297.51	0
6.093	1	0	13	208.489	0
6.094	1	0	14	189.72	0
6.095	1	0	15	1081.51	0
6.096	1	0	16	266.069	0
6.097	1	0	17	540.98	0
6.098	1	0	18	265.491	0
6.099	1	0	19	161.128	0
6.1	1	0	20	153.258	0
6.101	1	0	21	186.074	0
6.102	1	0	22	229.145	0
6.103	1	0	23	141.795	0
6.104	1	0	24	248.592	0
6.105	1	0	25	222.935	0
6.106	1	0	26	643.573	0
6.107	1	0	27	275.279	0
6.108	1	0	28	5323.84	0
6.109	1	0	29	412.146	0
6.114	1	0	34	149.398	0
6.115	1	0	35	369.65	0
6.116	1	0	36	1225.42	0
6.117	1	0	37	163.402	0
6.118	1	0	38	303.829	0
6.119	1	0	39	238.108	0
6.12	1	0	40	203.16	0
6.121	1	0	41	5325.1	0
6.122	1	0	42	709.711	0
6.123	1	0	43	214.175	0
6.124	1	0	44	250.294	0
6.125	1	0	45	493.044	0
6.126	1	0	46	240.208	0
6.127	1	0	47	266.911	0
6.128	1	0	48	153.343	0
6.129	1	0	49	249.237	0
6.135	1	0	55	222.371	0
6.136	1	0	56	303.254	0
6.137	1	0	57	238.984	0
6.138	1	0	58	763.804	0
6.139	1	0	59	554.949	0
6.14	1	0	60	2150.29	0
6.141	1	0	61	142.338	0
6.142	1	0	62	177.216	0
6.143	1	0	63	517.036	0
6.144	1	0	64	313.457	0
6.145	1	0	65	538.694	0
6.146	1	0	66	132.342	0
6.147	1	0	67	213.446	0
6.148	1	0	68	1378.17	0
6.149	1	0	69	1219.32	0
6.15	1	0	70	136.523	0
6.151	1	0	71	158.512	0
6.152	1	0	72	149.511	0
6.401	1	0	1	263.966	0
6.402	1	0	2	159.103	0
6.403	1	0	3	184.533	0
6.404	1	0	4	165.831	0
6.405	1	0	5	173.513	0
6.406	1	0	6	253.473	0
6.407	1	0	7	5320.01	0
6.408	1	0	8	648.417	0
6.409	1	0	9	413.003	0
6.41	1	0	10	211.878	0
6.411	1	0	11	1729.34	0
6.412	1	0	12	298.52	0
6.413	1	0	13	208.949	0
6.414	1	0	14	189.74	0
6.415	1	0	15	1073.91	0
6.416	1	0	16	266.006	0
6.417	1	0	17	543.384	0
6.418	1	0	18	265.07	0
6.419	1	0	19	161.372	0
6.42	1	0	20	153.428	0
6.421	1	0	21	185.751	0
6.422	1	0	22	228.577	0
6.423	1	0	23	141.718	0
6.424	1	0	24	248.838	0
6.425	1	0	25	223.456	0
6.426	1	0	26	642.71	0
6.427	1	0	27	275.09	0
6.428	1	0	28	5323.85	0
6.429	1	0	29	412.927	0
6.434	1	0	34	149.562	0
6.435	1	0	35	370.749	0
6.436	1	0	36	1229.77	0
6.437	1	0	37	163.068	0
6.438	1	0	38	302.834	0
6.439	1	0	39	238.475	0
6.44	1	0	40	203.258	0
6.441	1	0	41	5325.11	0
6.442	1	0	42	708.181	0
6.443	1	0	43	213.799	0
6.444	1	0	44	249.935	0
6.445	1	0	45	491.005	0
6.446	1	0	46	239.996	0
6.447	1	0	47	267.067	0
6.448	1	0	48	153.529	0
6.449	1	0	49	249.906	0
6.455	1	0	55	222.095	0
6.456	1	0	56	302.493	0
6.457	1	0	57	239.618	0
6.458	1	0	58	762.257	0
6.459	1	0	59	554.368	0
6.46	1	0	60	2156.6	0
6.461	1	0	61	142.421	0
6.462	1	0	62	176.895	0
6.463	1	0	63	515.222	0
6.464	1	0	64	313.952	0
6.465	1	0	65	536.901	0
6.466	1	0	66	132.506	0
6.467	1	0	67	214.003	0
6.468	1	0	68	1370.32	0
6.469	1	0	69	1225.82	0
6.47	1	0	70	136.495	0
6.471	1	0	71	158.76	0
6.472	1	0	72	149.584	0
6.721	1	0	1	263.443	0
6.722	1	0	2	159.159	0
6.723	1	0	3	184.94	0
6.724	1	0	4	166.068	0
6.725	1	0	5	173.291	0
6.726	1	0	6	253.815	0
6.727	1	0	7	5319.99	0
6.728	1	0	8	649.214	0
6.729	1	0	9	411.803	0
6.73	1	0	10	211.69	0
6.731	1	0	11	1731.42	0
6.732	1	0	12	299.536	0
6.733	1	0	13	209.41	0
6.734	1	0	14	189.759	0
6.735	1	0	15	1066.39	0
6.736	1	0	16	265.942	0
6.737	1	0	17	545.804	0
6.738	1	0	18	264.651	0
6.739	1	0	19	161.616	0
6.74	1	0	20	153.599	0
6.741	1	0	21	185.429	0
6.742	1	0	22	228.01	0
6.743	1	0	23	141.641	0
6.744	1	0	24	249.084	0
6.745	1	0	25	223.978	0
6.746	1	0	26	641.845	0
6.747	1	0	27	274.901	0
6.748	1	0	28	5323.85	0
6.749	1	0	29	413.709	0
6.754	1	0	34	149.726	0
6.755	1	0	35	371.852	0
6.756	1	0	36	1234.12	0
6.757	1	0	37	162.734	0
6.758	1	0	38	301.843	0
6.759	1	0	39	238.842	0
6.76	1	0	40	203.355	0
6.761	1	0	41	5325.11	0
6.762	1	0	42	706.651	0
6.763	1	0	43	213.425	0
6.764	1	0	44	249.575	0
6.765	1	0	45	488.978	0
6.766	1	0	46	239.785	0
6.767	1	0	47	267.222	0
6.768	1	0	48	153.716	0
6.769	1	0	49	250.578	0
6.775	1	0	55	221.819	0
6.776	1	0	56	301.734	0
6.777	1	0	57	240.255	0
6.778	1	0	58	760.703	0
6.779	1	0	59	553.786	0
6.78	1	0	60	2162.92	0
6.781	1	0	61	142.503	0
6.782	1	0	62	176.575	0
6.783	1	0	63	513.415	0
6.784	1	0	64	314.448	0
6.785	1	0	65	535.115	0
6.786	1	0	66	132.671	0
6.787	1	0	67	214.561	0
6.788	1	0	68	1362.53	0
6.789	1	0	69	1232.36	0
6.79	1	0	70	136.466	0
6.791	1	0	71	159.008	0
6.792	1	0	72	149.657	0
7.041	1	0	1	262.92	0
7.042	1	0	2	159.215	0
7.043	1	0	3	185.349	0
7.044	1	0	4	166.305	0
7.045	1	0	5	173.069	0
7.046	1	0	6	254.158	0
7.047	1	0	7	5320.05	0
7.048	1	0	8	650.009	0
7.049	1	0	9	410.609	0
7.05	1	0	10	211.502	0
7.051	1	0	11	1733.45	0
7.052	1	0	12	300.557	0
7.053	1	0	13	209.873	0
7.054	1	0	14	189.777	0
7.055	1	0	15	1058.95	0
7.056	1	0	16	265.878	0
7.057	1	0	17	548.239	0
7.058	1	0	18	264.232	0
7.059	1	0	19	161.86	0
7.06	1	0	20	153.769	0
7.061	1	0	21	185.109	0
7.062	1	0	22	227.445	0
7.063	1	0	23	141.564	0
7.064	1	0	24	249.331	0
7.065	1	0	25	224.503	0
7.066	1	0	26	640.978	0
7.067	1	0	27	274.71	0
7.068	1	0	28	5323.85	0
7.069	1	0	29	414.491	0
7.074	1	0	34	149.89	0
7.075	1	0	35	372.96	0
7.076	1	0	36	1238.46	0
7.077	1	0	37	162.401	0
7.078	1	0	38	300.857	0
7.079	1	0	39	239.209	0
7.08	1	0	40	203.451	0
7.081	1	0	41	5325.12	0
7.082	1	0	42	705.12	0
7.083	1	0	43	213.051	0
7.084	1	0	44	249.216	0
7.085	1	0	45	486.964	0
7.086	1	0	46	239.573	0
7.087	1	0	47	267.376	0
7.088	1	0	48	153.903	0
7.089	1	0	49	251.252	0
7.095	1	0	55	221.543	0
7.096	1	0	56	300.977	0
7.097	1	0	57	240.895	0
7.098	1	0	58	759.142	0
7.099	1	0	59	553.203	0
7.1	1	0	60	2169.23	0
7.101	1	0	61	142.585	0
7.102	1	0	62	176.256	0
7.103	1	0	63	511.615	0
7.104	1	0	64	314.945	0
7.105	1	0	65	533.336	0
7.106	1	0	66	132.836	0
7.107	1	0	67	215.121	0
7.108	1	0	68	1354.8	0
7.109	1	0	69	1238.94	0
7.11	1	0	70	136.438	0
7.111	1	0	71	159.256	0
7.112	1	0	72	149.731	0
7.361	1	0	1	262.399	0
7.362	1	0	2	159.27	0
7.363	1	0	3	185.758	0
7.364	1	0	4	166.542	0
7.365	1	0	5	172.848	0
7.366	1	0	6	254.502	0
7.367	1	0	7	5320.16	0
7.368	1	0	8	650.804	0
7.369	1	0	9	409.42	0
7.37	1	0	10	211.315	0
7.371	1	0	11	1735.44	0
7.372	1	0	12	301.583	0
7.373	1	0	13	210.337	0
7.374	1	0	14	189.795	0
7.375	1	0	15	1051.58	0
7.376	1	0	16	265.814	0
7.377	1	0	17	550.691	0
7.378	1	0	18	263.814	0
7.379	1	0	19	162.105	0
7.38	1	0	20	153.939	0
7.381	1	0	21	184.788	0
7.382	1	0	22	226.881	0
7.383	1	0	23	141.487	0
7.384	1	0	24	249.577	0
7.385	1	0	25	225.029	0
7.386	1	0	26	640.11	0
7.387	1	0	27	274.517	0
7.388	1	0	28	5323.86	0
7.389	1	0	29	415.274	0
7.394	1	0	34	150.055	0
7.395	1	0	35	374.073	0
7.396	1	0	36	1242.8	0
7.397	1	0	37	162.069	0
7.398	1	0	38	299.877	0
7.399	1	0	39	239.576	0
7.4	1	0	40	203.547	0
7.401	1	0	41	5325.12	0
7.402	1	0	42	703.588	0
7.403	1	0	43	212.678	0
7.404	1	0	44	248.856	0
7.405	1	0	45	484.963	0
7.406	1	0	46	239.36	0
7.407	1	0	47	267.53	0
7.408	1	0	48	154.09	0
7.409	1	0	49	251.929	0
7.415	1	0	55	221.268	0
7.416	1	0	56	300.222	0
7.417	1	0	57	241.537	0
7.418	1	0	58	757.576	0
7.419	1	0	59	552.617	0
7.42	1	0	60	2175.55	0
7.421	1	0	61	142.667	0
7.422	1	0	62	175.938	0
7.423	1	0	63	509.822	0
7.424	1	0	64	315.443	0
7.425	1	0	65	531.565	0
7.426	1	0	66	133.001	0
7.427	1	0	67	215.683	0
7.428	1	0	68	1347.13	0
7.429	1	0	69	1245.56	0
7.43	1	0	70	136.41	0
7.431	1	0	71	159.505	0
7.432	1	0	72	149.804	0
7.681	1	0	1	261.876	0
7.682	1	0	2	159.217	0
7.683	1	0	3	186.113	0
7.684	1	0	4	166.61	0
7.685	1	0	5	172.858	0
7.686	1	0	6	255.024	0
7.687	1	0	7	5328.8	0
7.688	1	0	8	651.567	0
7.689	1	0	9	408.902	0
7.69	1	0	10	211.064	0
7.691	1	0	11	1732.87	0
7.692	1	0	12	302.502	0
7.693	1	0	13	210.763	0
7.694	1	0	14	189.805	0
7.695	1	0	15	1047.99	0
7.696	1	0	16	265.886	0
7.697	1	0	17	553.065	0
7.698	1	0	18	263.622	0
7.699	1	0	19	162.3	0
7.7	1	0	20	154.058	0
7.701	1	0	21	184.539	0
7.702	1	0	22	226.771	0
7.703	1	0	23	141.527	0
7.704	1	0	24	249.607	0
7.705	1	0	25	225.182	0
7.706	1	0	26	638.868	0
7.707	1	0	27	274.69	0
7.708	1	0	28	5325.26	0
7.709	1	0	29	415.45	0
7.714	1	0	34	150.294	0
7.715	1	0	35	374.747	0
7.716	1	0	36	1248.37	0
7.717	1	0	37	161.783	0
7.718	1	0	38	299.723	0
7.719	1	0	39	240.119	0
7.72	1	0	40	203.706	0
7.721	1	0	41	5325.29	0
7.722	1	0	42	703.036	0
7.723	1	0	43	212.473	0
7.724	1	0	44	248.434	0
7.725	1	0	45	483.514	0
7.726	1	0	46	239.066	0
7.727	1	0	47	267.833	0
7.728	1	0	48	154.195	0
7.729	1	0	49	252.384	0
7.735	1	0	55	221.04	0
7.736	1	0	56	299.814	0
7.737	1	0	57	241.966	0
7.738	1	0	58	757.511	0
7.739	1	0	59	553.534	0
7.74	1	0	60	2174.95	0
7.741	1	0	61	142.721	0
7.742	1	0	62	175.775	0
7.743	1	0	63	508.404	0
7.744	1	0	64	315.884	0
7.745	1	0	65	530.856	0
7.746	1	0	66	133.168	0
7.747	1	0	67	216.053	0
7.748	1	0	68	1339.09	0
7.749	1	0	69	1244.67	0
7.75	1	0	70	136.368	0
7.751	1	0	71	159.677	0
7.752	1	0	72	149.685	0
