0.236518 38 8 6
0.236768 35 16 2
0.248018 52 13 8
0.358268 39 17 2
0.376018 1 9 7
0.380768 40 18 2
0.413518 54 7 4
0.447268 47 14 8
0.480018 46 19 2
0.497518 29 20 2
0.503268 35 9 3
0.528268 20 21 2
0.543268 53 10 3
0.550268 38 8 5
0.562018 4 22 2
0.780518 18 15 8
0.817518 8 11 3
0.838518 7 23 2
0.844768 1 8 4
0.857518 23 9 4
0.912018 15 10 7
0.921268 46 9 5
0.934018 17 10 4
0.958268 2 24 2
0.965018 47 12 3
1.00802 39 11 7
1.01627 1 16 8
1.02427 60 17 8
1.12327 52 25 2
1.14227 23 13 3
1.15827 26 18 8
1.17602 8 26 2
1.18402 2 11 4
1.20152 51 19 8
1.20352 37 12 4
1.20752 49 20 8
1.23777 29 21 8
1.36802 39 27 2
1.37277 23 13 4
1.44527 17 14 3
1.45752 26 28 2
1.46077 60 15 3
1.46552 15 22 8
1.47177 50 23 8
1.61927 20 16 3
1.62527 8 14 4
1.63652 15 12 7
1.65752 49 29 2
1.66552 26 24 8
1.69277 33 13 7
1.79202 37 25 8
1.84652 33 26 8
1.91227 46 30 2
2.00952 54 9 6
2.03752 60 27 8
2.25527 21 14 7
2.25927 60 17 3
2.25927 58 31 2
2.34602 33 15 7
2.41002 2 18 3
2.43027 56 28 8
2.52127 15 29 8
2.54227 49 30 8
2.65927 25 32 2
2.66727 29 33 2
2.67677 58 10 6
2.68152 56 19 3
2.71927 31 15 4
2.77127 52 31 8
2.77477 2 34 2
2.77852 37 35 2
2.81752 36 16 7
2.84127 33 32 8
2.84902 23 36 2
2.85927 21 33 8
2.90502 54 16 4
2.95102 49 17 7
3.03727 4 10 5
3.05377 46 11 5
3.05602 63 12 5
3.10927 15 18 7
3.14252 36 37 2
3.16002 48 11 6
3.20802 20 38 2
3.24327 40 17 4
3.24952 17 18 4
3.25027 50 39 2
3.26227 32 13 5
3.36152 54 12 6
3.40327 48 40 2
3.43827 22 19 4
3.44627 10 34 8
3.45602 3 13 6
3.47202 52 41 2
3.51027 60 35 8
3.52952 46 42 2
3.58727 21 20 3
3.61827 56 36 8
3.62227 23 20 4
3.70102 29 37 8
3.73427 22 21 3
3.76002 20 22 3
3.80827 10 19 7
3.85952 60 23 3
3.92002 49 38 8
4.01927 31 14 6
4.03827 18 43 2
4.11077 4 44 2
4.22227 40 45 2
4.28677 54 14 5
4.31202 63 21 4
4.35452 31 22 4
4.35702 18 24 3
4.37377 40 23 4
4.41427 33 20 7
4.41527 38 15 6
4.43677 15 39 8
4.48527 61 46 2
4.49302 21 40 8
4.53452 1 21 7
4.53602 23 47 2
4.54077 58 22 7
4.68802 10 48 2
4.70927 60 16 6
4.86552 63 15 5
4.91877 37 41 8
4.97977 61 17 6
5.06727 63 24 4
5.10352 31 16 5
5.11352 33 42 8
5.13927 18 43 8
5.22227 45 17 5
5.25152 53 25 4
5.28327 17 25 3
5.30227 1 26 3
5.33652 49 23 7
5.50527 1 24 7
5.50552 31 18 6
5.53352 59 49 2
5.53802 10 19 6
5.65377 28 27 3
5.70077 47 44 8
5.75352 22 45 8
5.81127 58 20 6
5.81752 38 18 5
5.86077 10 50 2
5.89752 3 25 7
5.91077 46 19 5
5.91152 27 51 2
5.91502 31 46 8
5.94602 14 21 6
5.95952 1 20 5
5.96002 22 28 3
5.96002 23 47 8
6.02727 30 29 3
6.03052 25 26 4
6.04677 32 52 2
6.15502 23 53 2
6.24377 22 48 8
6.24627 32 27 4
6.27652 59 26 7
6.29277 3 22 6
6.29302 28 54 2
6.36627 11 27 7
6.41002 7 23 6
6.49277 22 30 3
6.56327 37 24 6
6.58602 10 28 7
6.61277 45 55 2
6.69952 10 56 2
6.70502 37 31 3
6.73927 31 25 6
6.76052 4 26 6
6.85227 25 57 2
6.86302 10 29 7
6.89427 58 21 5
6.94552 50 32 3
6.96327 34 22 5
6.97277 48 33 3
7.00477 7 28 4
7.04077 34 29 4
7.06227 10 58 2
7.08327 44 49 8
7.11027 11 27 6
7.14477 60 59 2
7.16277 53 34 3
7.26077 4 60 2
7.30077 25 30 7
7.30077 40 23 5
7.30727 36 35 3
7.31177 54 30 4
7.42727 32 24 5
7.43427 47 36 3
7.45677 31 50 8
7.46402 8 25 5
7.46552 50 51 8
7.51077 60 52 8
7.54152 53 31 4
7.55252 37 53 8
7.55377 54 61 2
7.59377 50 62 2
7.63127 1 54 8
7.63502 25 55 8
7.65902 47 63 2
7.67352 14 64 2
7.70227 31 28 6
7.70402 36 26 5
7.72352 50 56 8
7.72652 23 37 3
7.74877 48 65 2
7.76152 58 29 6
7.76302 8 32 4
7.78727 1 31 7
7.85077 32 66 2
