0.2359 38 5 5 6
0.2361 35 6 3 2
0.2473 52 13 2 8
0.3577 39 5 7 2
0.3753 1 1 8 7
0.3801 40 12 8 2
0.4129 54 7 5 4
0.4467 47 7 3 8
0.4793 46 6 5 2
0.4969 29 8 8 2
0.5027 35 16 2 3
0.5277 20 5 8 2
0.5427 53 14 2 3
0.5497 38 8 6 5
0.5613 4 1 5 2
0.7799 18 3 3 8
0.8169 8 3 4 3
0.8379 7 2 4 2
0.8441 1 9 7 4
0.8569 23 5 3 4
0.9113 15 3 8 7
0.9207 46 19 2 5
0.9333 17 2 3 4
0.9577 2 1 4 2
0.9643 47 14 8 3
1.0073 39 17 2 7
1.0155 1 8 4 8
1.0237 60 8 3 8
1.1227 52 13 8 2
1.1417 23 9 4 3
1.1577 26 3 2 8
1.1753 8 11 3 2
1.1833 2 24 2 4
1.2009 51 12 2 8
1.2029 37 11 8 4
1.2069 49 10 2 8
1.2371 29 20 2 8
1.3673 39 11 7 2
1.3721 23 13 3 4
1.4447 17 10 4 3
1.4569 26 18 8 2
1.4601 60 17 8 3
1.4649 15 10 7 8
1.4711 50 11 2 8
1.6185 20 21 2 3
1.6245 8 26 2 4
1.6359 15 22 8 7
1.6569 49 20 8 2
1.6649 26 28 2 8
1.6921 33 10 8 7
1.7913 37 12 4 8
1.8459 33 13 7 8
1.9117 46 9 5 2
2.0089 54 7 4 6
2.0369 60 15 3 8
2.2545 21 6 8 7
2.2585 58 5 6 2
2.2585 60 27 8 3
2.3453 33 26 8 7
2.4093 2 11 4 3
2.4295 56 15 2 8
2.5207 15 12 7 8
2.5417 49 29 2 8
2.6585 25 7 8 2
2.6667 29 21 8 2
2.6761 58 31 2 6
2.6809 56 28 8 3
2.7187 31 4 5 4
2.7705 52 25 2 8
2.7741 2 18 3 2
2.7779 37 25 8 2
2.8169 36 5 2 7
2.8405 33 15 7 8
2.8483 23 13 4 2
2.8585 21 14 7 8
2.9043 54 9 6 4
2.9503 49 30 8 7
3.0365 4 22 2 5
3.0531 46 30 2 5
3.0553 63 6 4 5
3.1085 15 29 8 7
3.1419 36 16 7 2
3.1593 48 9 2 6
3.2073 20 16 3 2
3.2425 40 18 2 4
3.2489 17 14 3 4
3.2495 50 23 8 2
3.2617 32 4 4 5
3.3609 54 16 4 6
3.4025 48 11 6 2
3.4377 22 4 3 4
3.4457 10 2 7 8
3.4553 3 1 7 6
3.4713 52 31 8 2
3.5097 60 17 3 8
3.5289 46 11 5 2
3.5865 21 33 8 3
3.6175 56 19 3 8
3.6217 23 36 2 4
3.7003 29 33 2 8
3.7335 22 19 4 3
3.7593 20 38 2 3
3.8077 10 34 8 7
3.8589 60 35 8 3
3.9193 49 17 7 8
4.0185 31 15 4 6
4.0377 18 15 8 2
4.1101 4 10 5 2
4.2217 40 17 4 2
4.2861 54 12 6 5
4.3113 63 12 5 4
4.3539 31 14 6 4
4.3563 18 43 2 3
4.3731 40 45 2 4
4.4137 33 32 8 7
4.4145 38 8 5 6
4.4361 15 18 7 8
4.4847 61 7 6 2
4.4923 21 20 3 8
4.5339 1 16 8 7
4.5353 23 20 4 2
4.5401 58 10 6 7
4.6873 10 19 7 2
4.7085 60 23 3 6
4.8649 63 21 4 5
4.9181 37 35 2 8
4.9791 61 46 2 6
5.0665 63 15 5 4
5.1029 31 22 4 5
5.1129 33 20 7 8
5.1385 18 24 3 8
5.2217 45 8 2 5
5.2509 53 10 3 4
5.2825 17 18 4 3
5.3017 1 21 7 3
5.3359 49 38 8 7
5.5045 1 26 3 7
5.5049 31 16 5 6
5.5329 59 7 7 2
5.5373 10 48 2 6
5.6531 28 4 2 3
5.7001 47 12 3 8
5.7529 22 21 3 8
5.8105 58 22 7 6
5.8169 38 15 6 5
5.8601 10 19 6 2
5.8969 3 13 6 7
5.9101 46 42 2 5
5.9109 27 4 7 2
5.9143 31 18 6 8
5.9453 14 2 8 6
5.9589 1 24 7 5
5.9593 22 45 8 3
5.9593 23 47 2 8
6.0265 30 9 8 3
6.0299 25 32 2 4
6.0461 32 13 5 2
6.1543 23 47 8 2
6.2431 22 28 3 8
6.2457 32 52 2 4
6.2759 59 49 2 7
6.2921 3 25 7 6
6.2923 28 27 3 2
6.3657 11 1 6 7
6.4093 7 23 2 6
6.4921 22 48 8 3
6.5625 37 41 8 6
6.5853 10 50 2 7
6.6121 45 17 5 2
6.6989 10 28 7 2
6.7043 37 24 6 3
6.7385 31 46 8 6
6.7599 4 44 2 6
6.8517 25 26 4 2
6.8623 10 56 2 7
6.8937 58 20 6 5
6.9449 50 39 2 3
6.9625 34 5 4 5
6.9721 48 40 2 3
7.0041 7 23 6 4
7.0401 34 22 5 4
7.0617 10 29 7 2
7.0825 44 7 2 8
7.1097 11 27 7 6
7.1441 60 16 6 2
7.1621 53 25 4 3
7.2601 4 26 6 2
7.3001 25 57 2 7
7.3001 40 23 4 5
7.3065 36 37 2 3
7.3111 54 14 5 4
7.4265 32 27 4 5
7.4335 47 44 8 3
7.4561 31 25 6 8
7.4633 8 14 4 5
7.4649 50 32 3 8
7.5101 60 59 2 8
7.5409 53 34 3 4
7.5519 37 31 3 8
7.5531 54 30 4 2
7.5931 50 51 8 2
7.6307 1 20 5 8
7.6343 25 30 7 8
7.6583 47 36 3 2
7.6729 14 21 6 2
7.7017 31 50 8 6
7.7033 36 35 3 5
7.7229 50 62 2 8
7.7259 23 53 2 3
7.7481 48 33 3 2
7.7609 58 21 5 6
7.7623 8 25 5 4
7.7865 1 54 8 7
7.8501 32 24 5 2
